#SampleID	BarcodeSequence	LinkerPrimerSequence	ReversePrimer	Description	fastq_filt	group_id	D_0__Bacteria;D_1__Acidobacteria	D_0__Bacteria;D_1__Actinobacteria	D_0__Bacteria;D_1__Armatimonadetes	D_0__Bacteria;D_1__Bacteroidetes	D_0__Bacteria;D_1__Chloroflexi	D_0__Bacteria;D_1__Cyanobacteria	D_0__Bacteria;D_1__Deferribacteres	D_0__Bacteria;D_1__Deinococcus-Thermus	D_0__Bacteria;D_1__Elusimicrobia	D_0__Bacteria;D_1__FBP	D_0__Bacteria;D_1__Fibrobacteres	D_0__Bacteria;D_1__Firmicutes	D_0__Bacteria;D_1__Fusobacteria	D_0__Bacteria;D_1__Gemmatimonadetes	D_0__Bacteria;D_1__Lentisphaerae	D_0__Bacteria;D_1__Parcubacteria	D_0__Bacteria;D_1__Planctomycetes	D_0__Bacteria;D_1__Proteobacteria	D_0__Bacteria;D_1__Saccharibacteria	D_0__Bacteria;D_1__Spirochaetae	D_0__Bacteria;D_1__Synergistetes	D_0__Bacteria;D_1__Tenericutes	D_0__Bacteria;D_1__Verrucomicrobia	D_0__Bacteria;Other
Blank1		GTGYCAGCMGCCGCGGTAA	GGACTACNVGGGTWTCTAAT	Blank	Blank1.fa	Bl	0.0	0.0	0.0	0.105263157895	0.0	0.0	0.0	0.0	0.0	0.0	0.0	0.684210526316	0.0	0.0	0.0	0.0	0.0	0.0526315789474	0.0	0.105263157895	0.0	0.0	0.0526315789474	0.0
Blank13		GTGYCAGCMGCCGCGGTAA	GGACTACNVGGGTWTCTAAT	Blank	Blank13.fa	Bl	0.0	0.0769230769231	0.0	0.153846153846	0.0	0.0	0.0	0.0	0.0	0.0	0.0	0.769230769231	0.0	0.0	0.0	0.0	0.0	0.0	0.0	0.0	0.0	0.0	0.0	0.0
Blank142		GTGYCAGCMGCCGCGGTAA	GGACTACNVGGGTWTCTAAT	Blank	Blank142.fa	Bl	0.0	0.0112359550562	0.0	0.325842696629	0.0112359550562	0.0224719101124	0.0	0.0	0.0	0.0	0.0	0.595505617978	0.0	0.0	0.0	0.0	0.0	0.0112359550562	0.0	0.0224719101124	0.0	0.0	0.0	0.0
Blank142b		GTGYCAGCMGCCGCGGTAA	GGACTACNVGGGTWTCTAAT	Blank	Blank142b.fa	Bl	0.0	0.0	0.0	0.0	0.0	0.0	0.0	0.0	0.0	0.0	0.0	0.666666666667	0.0	0.0	0.0	0.0	0.333333333333	0.0	0.0	0.0	0.0	0.0	0.0	0.0
Blank3		GTGYCAGCMGCCGCGGTAA	GGACTACNVGGGTWTCTAAT	Blank	Blank3.fa	Bl	0.0	0.0	0.0	0.188888888889	0.0111111111111	0.0	0.0	0.0	0.0	0.0	0.0111111111111	0.744444444444	0.0	0.0	0.0	0.0	0.0	0.0444444444444	0.0	0.0	0.0	0.0	0.0	0.0
Blank5		GTGYCAGCMGCCGCGGTAA	GGACTACNVGGGTWTCTAAT	Blank	Blank5.fa	Bl	0.0	0.049504950495	0.0	0.217821782178	0.00990099009901	0.039603960396	0.0	0.0	0.0	0.0	0.0	0.633663366337	0.0	0.0	0.0	0.0	0.0	0.019801980198	0.0	0.00990099009901	0.0	0.0	0.00990099009901	0.00990099009901
BlankKe231		GTGYCAGCMGCCGCGGTAA	GGACTACNVGGGTWTCTAAT	Blank	BlankKe231.fa	Bl	0.0	0.0	0.0	0.166666666667	0.0833333333333	0.0833333333333	0.0	0.0	0.0	0.0	0.0	0.666666666667	0.0	0.0	0.0	0.0	0.0	0.0	0.0	0.0	0.0	0.0	0.0	0.0
BlankKe241		GTGYCAGCMGCCGCGGTAA	GGACTACNVGGGTWTCTAAT	Blank	BlankKe241.fa	Bl	0.0	0.0181818181818	0.0	0.224242424242	0.0666666666667	0.0121212121212	0.0	0.0	0.0	0.0	0.0	0.593939393939	0.00606060606061	0.0	0.0	0.0	0.0	0.0363636363636	0.0	0.0121212121212	0.0	0.00606060606061	0.0181818181818	0.00606060606061
BlankKe251		GTGYCAGCMGCCGCGGTAA	GGACTACNVGGGTWTCTAAT	Blank	BlankKe251.fa	Bl	0.0	0.0173010380623	0.0	0.22491349481	0.00692041522491	0.0207612456747	0.0	0.0	0.0	0.0	0.0	0.647058823529	0.0	0.0	0.0	0.0	0.0	0.0103806228374	0.00346020761246	0.0207612456747	0.0	0.0276816608997	0.0207612456747	0.0
KBBo2091		GTGYCAGCMGCCGCGGTAA	GGACTACNVGGGTWTCTAAT	KB	KBBo2091.fa	Bo	0.0	0.0302992941467	0.0	0.263970656228	0.0555641175806	0.0199529431105	0.0	1.0274430026e-05	0.0	0.0	0.000421251631066	0.352145814711	0.000842503262132	0.0	0.00153089007387	0.0	0.00568175980437	0.0562730532524	0.000113018730286	0.0303609407268	0.0	0.017785038375	0.152380071716	0.0126683722221
KBBo211		GTGYCAGCMGCCGCGGTAA	GGACTACNVGGGTWTCTAAT	KB	KBBo211.fa	Bo	0.0	0.024240219584	0.0	0.220057982517	0.0231268670701	0.0269188795926	0.0	0.0	0.000407861812009	0.0	0.000308652182061	0.517874268329	0.000694467409637	0.0	0.00404554824344	0.0	0.00111335251386	0.0669444536305	0.00311959169726	0.0445561471389	0.000826746916234	0.00801393344136	0.0516220774497	0.00612895047235
KBChi642		GTGYCAGCMGCCGCGGTAA	GGACTACNVGGGTWTCTAAT	KB	KBChi642.fa	Ch	0.0	0.0281476036951	0.0	0.246028431585	0.00678215258173	0.0136645340193	0.0	7.51716419157e-05	0.0	0.0	0.000459382256152	0.574996241418	0.000576315921354	0.0	0.00096052653559	0.0	8.3524046573e-05	0.0356731202913	0.00182082421529	0.0355478342215	0.0	0.0317224328884	0.0221756343651	0.00128627031722
KBChi672		GTGYCAGCMGCCGCGGTAA	GGACTACNVGGGTWTCTAAT	KB	KBChi672.fa	Ch	1.98902060625e-05	0.0356929747792	9.94510303127e-06	0.18579441483	0.00503222213382	0.0118645079163	0.000139231442438	0.0	0.0	0.0	0.000218792266688	0.575781685098	0.00160116158803	0.0	0.00156138117591	0.0	1.98902060625e-05	0.0597103985997	0.00214814225475	0.0177221736017	0.0	0.0797199458986	0.0212427400748	0.00172050282441
KBChi682		GTGYCAGCMGCCGCGGTAA	GGACTACNVGGGTWTCTAAT	KB	KBChi682.fa	Ch	0.000627833972794	0.027415416812	0.0	0.300931785341	0.0120882953809	0.00108625242912	9.96561861578e-06	0.0	9.96561861578e-06	0.0	0.00127559918282	0.441456973442	0.00115601175943	0.0001893467537	0.00168418954607	0.0	0.00427525038617	0.043081369276	0.00143504908067	0.0174398325776	0.0	0.00747421396183	0.137346155763	0.00101649309881
KBChi691		GTGYCAGCMGCCGCGGTAA	GGACTACNVGGGTWTCTAAT	KB	KBChi691.fa	Ch	1.55065204919e-05	0.00408596814961	0.0	0.239257857929	0.00120950859837	0.00585371148568	0.0	0.0	9.30391229512e-05	0.0	0.00236474437501	0.604110778582	1.55065204919e-05	0.0	0.000837352106561	0.0	0.00087611840779	0.0400766022112	0.0	0.0173207833894	0.0	0.0381925599715	0.0428290095985	0.00286095303075
KBChi711		GTGYCAGCMGCCGCGGTAA	GGACTACNVGGGTWTCTAAT	KB	KBChi711.fa	Ch	0.0	0.0274929874801	0.0	0.194171056618	0.0332105124271	0.00770155497131	0.0	0.0	2.93206407537e-05	0.0	0.00139761720926	0.563386338536	0.00139761720926	0.0	0.00264863121475	0.0	0.000430036064388	0.0362305384247	0.00148557913152	0.067154040873	6.84148284254e-05	0.0412834621813	0.0194493583666	0.00246293382331
KBChi741		GTGYCAGCMGCCGCGGTAA	GGACTACNVGGGTWTCTAAT	KB	KBChi741.fa	Ch	9.4374345278e-06	0.0158454525722	0.0	0.195543643416	0.00131180339936	0.0144864620002	2.83123035834e-05	9.4374345278e-06	0.0	0.0	0.000585120940723	0.598635346967	0.000358622512056	0.0	0.000415247119223	0.0	0.000245373297723	0.0295580449411	0.00157605156614	0.0596634610847	0.0	0.0680344655109	0.0110134860939	0.00268023140589
KBChi761		GTGYCAGCMGCCGCGGTAA	GGACTACNVGGGTWTCTAAT	KB	KBChi761.fa	Ch	1.3427504901e-05	0.0189864919301	0.0	0.289886403309	0.0146896903617	0.0090635658082	1.3427504901e-05	0.0	0.0	0.0	0.000443107661734	0.553844294653	0.000469962671536	0.0	0.00013427504901	0.0	0.000349115127427	0.0184225367242	0.00379998388699	0.0330048070468	0.0	0.0442436286489	0.00974836855815	0.00288691355372
KBChi791		GTGYCAGCMGCCGCGGTAA	GGACTACNVGGGTWTCTAAT	KB	KBChi791.fa	Ch	9.3357606311e-06	0.0468375110862	0.0	0.20251131961	0.00604023712832	0.0138449330159	0.0	0.0	0.0	0.0	0.000149372170098	0.567651589413	0.00042944498903	0.0	0.00331419502404	0.0	0.000224058255146	0.077262754983	0.00105494095131	0.0320403304859	0.0	0.0162255519768	0.0299677916258	0.00243663352472
KBChi821		GTGYCAGCMGCCGCGGTAA	GGACTACNVGGGTWTCTAAT	KB	KBChi821.fa	Ch	7.66600739003e-06	0.00900755868329	0.0	0.194026647042	0.0024607883722	0.010732410346	2.29980221701e-05	0.0	0.0	0.0	0.000444628428622	0.686743940021	0.000168652162581	0.0	0.00118056513806	0.0	0.000367968354721	0.0189733682903	0.00318139306686	0.025826778897	0.0	0.0320285788755	0.0111157107155	0.00371034757678
KBChi841		GTGYCAGCMGCCGCGGTAA	GGACTACNVGGGTWTCTAAT	KB	KBChi841.fa	Ch	3.20397805916e-05	0.0270479827754	0.0	0.156219562208	0.00836879069052	0.054916183934	0.0	0.0	0.000839442251499	6.40795611832e-06	0.00228123237812	0.632394781361	0.00011534321013	0.0	0.000666427436305	0.0	6.40795611832e-06	0.033686625314	0.00785615420106	0.0228187317373	0.0	0.0313413133747	0.0123673553084	0.00903521812683
KBChim232		GTGYCAGCMGCCGCGGTAA	GGACTACNVGGGTWTCTAAT	KB	KBChim232.fa	Ch	0.0	0.0192105742169	0.0	0.237331802462	0.00466262479172	0.00463462103922	0.0	0.0	0.000126016886263	0.0	0.000168022515017	0.628026155505	0.00058807880256	0.0	0.00218429269522	0.0	0.000924123832594	0.035032694381	0.012643694255	0.0267015780115	0.000308041277531	0.0121116229575	0.0127417073888	0.00260434898276
KBChim272		GTGYCAGCMGCCGCGGTAA	GGACTACNVGGGTWTCTAAT	KB	KBChim272.fa	Ch	7.8143925482e-06	0.0429244582672	0.0	0.13220389313	0.00235213215701	0.0184263376286	7.8143925482e-06	1.56287850964e-05	0.0	0.0	0.010705717791	0.66398893482	0.0023833897272	0.0	0.00122685963007	0.0	0.0	0.0186607694051	0.0	0.0483554610882	0.0	0.0396658565746	0.017347951457	0.00172698075315
KBChim302		GTGYCAGCMGCCGCGGTAA	GGACTACNVGGGTWTCTAAT	KB	KBChim302.fa	Ch	0.0	0.00808609988042	0.0	0.343395877228	0.037569045043	0.004370480041	0.0	0.0	0.0	0.0	0.000206423324412	0.50877655031	0.000170833096065	0.0	7.11804566938e-05	0.0	0.0	0.0157237628837	0.000875519617334	0.0538551335345	0.0	0.0149906041797	0.0111468595183	0.000761630886624
KBChim312		GTGYCAGCMGCCGCGGTAA	GGACTACNVGGGTWTCTAAT	KB	KBChim312.fa	Ch	0.0	0.0511426223489	0.0	0.203407759691	0.00682775864179	0.0161121116221	0.0	2.62269858199e-05	0.0	0.0	0.000419631773119	0.521191404542	0.00122392600493	0.0	0.000813036560418	0.0	8.74232860665e-06	0.0199325092232	0.00488696169112	0.0821341772595	0.0	0.0721242110048	0.0186648715752	0.00108404874722
KBChim322		GTGYCAGCMGCCGCGGTAA	GGACTACNVGGGTWTCTAAT	KB	KBChim322.fa	Ch	1.03791503628e-05	0.00571891184988	0.0	0.162267636771	0.00937237277756	0.00657000217962	0.0	0.0	0.0	0.0	0.000155687255441	0.764113049706	3.11374510883e-05	0.0	9.34123532648e-05	0.0	0.0	0.0145100522071	0.00276085399649	0.00540753733899	0.0	0.0051273002792	0.0221594860245	0.00170218065949
KBChim352		GTGYCAGCMGCCGCGGTAA	GGACTACNVGGGTWTCTAAT	KB	KBChim352.fa	Ch	0.0	0.0502583774143	0.0	0.162979342023	0.00257766592961	0.0136579644991	4.88657048267e-05	1.22164262067e-05	0.0	0.0	3.664927862e-05	0.622536863066	0.00394590566476	0.0	0.000427574917234	0.0	1.22164262067e-05	0.0409738934972	0.00014659711448	0.0205358124534	0.0	0.0525428491149	0.027780153194	0.00152705327583
KBChim372		GTGYCAGCMGCCGCGGTAA	GGACTACNVGGGTWTCTAAT	KB	KBChim372.fa	Ch	1.13733295422e-05	0.0151492749502	0.0	0.219789593403	0.00743815752061	0.0342450952516	1.13733295422e-05	0.0	0.0	0.0	0.00040943986352	0.598623827125	0.000864373045209	0.0	0.000295706568098	0.0	0.000659653113449	0.0264429911857	0.00308217230594	0.0207222064259	0.0	0.0258288313904	0.0444014785328	0.00202445265852
KBChim412		GTGYCAGCMGCCGCGGTAA	GGACTACNVGGGTWTCTAAT	KB	KBChim412.fa	Ch	0.0	0.000281635217401	0.0	0.188164821595	0.0	0.00101821963214	0.0	0.0	0.0	0.0	0.0	0.515771572174	0.000108321237462	0.0	0.0	0.0	1.08321237462e-05	0.118709244134	0.0	0.000346627959878	0.0	0.0415845230616	0.13373339977	0.000270803093655
KBChim462		GTGYCAGCMGCCGCGGTAA	GGACTACNVGGGTWTCTAAT	KB	KBChim462.fa	Ch	1.64118723485e-05	0.0192839500094	0.0	0.204163692015	0.0314533533558	0.0220247326916	0.0	0.0	0.0	0.0	0.000541591787499	0.554704873506	0.000131294978788	0.0	0.000295413702272	0.0	0.000475944298105	0.027695034588	0.00165759910719	0.0517958691317	1.64118723485e-05	0.0263984966725	0.0573759057302	0.00196942468181
KBChim492		GTGYCAGCMGCCGCGGTAA	GGACTACNVGGGTWTCTAAT	KB	KBChim492.fa	Ch	0.0	0.0533790401567	0.0	0.148065233276	0.0073068731247	0.0104783669916	7.77326928159e-06	7.77326928159e-06	0.0	0.0	0.000614088273246	0.61783498904	0.00273619078712	0.0	0.00216096886028	0.0	0.00014769211635	0.0734185283647	9.32792313791e-05	0.0230244236121	0.0	0.0377003560157	0.0212054786002	0.00181894501189
KBChim522		GTGYCAGCMGCCGCGGTAA	GGACTACNVGGGTWTCTAAT	KB	KBChim522.fa	Ch	1.90514293335e-05	0.0207089036855	0.0	0.245439564103	0.00201945150935	0.0080492288934	9.52571466674e-06	9.52571466674e-06	6.66800026672e-05	0.0	0.000285771440002	0.606645138551	0.00156221720535	0.0	0.000238142866669	0.0	1.90514293335e-05	0.0594404595205	0.00120976576268	0.0211375608455	9.52571466674e-06	0.0248811667095	0.00671562884005	0.00153364006135
KBChim552		GTGYCAGCMGCCGCGGTAA	GGACTACNVGGGTWTCTAAT	KB	KBChim552.fa	Ch	0.0	0.0210488394833	0.0	0.205290515156	0.0101384385775	0.012145540631	0.000115794349236	0.0	0.0	0.0	0.00213576244146	0.61327260563	0.00133806803561	0.0	0.000360249086511	0.0	2.57320776079e-05	0.0718825587978	0.00115794349236	0.0248185888529	0.0	0.0127373784159	0.0226956924502	0.000836292522258
KBChim582		GTGYCAGCMGCCGCGGTAA	GGACTACNVGGGTWTCTAAT	KB	KBChim582.fa	Ch	0.0	0.0400241646123	0.0	0.225652322488	0.00331958309942	0.00918377309673	0.0	6.1021748151e-06	0.00170250677341	0.0	4.88173985208e-05	0.615294490957	0.000768874026703	0.0	0.000421050062242	0.0	0.000231882642974	0.0237862774293	0.00428982889502	0.0456503697918	0.0	0.0183370353194	0.0106788059264	0.000604115306695
KBChim612		GTGYCAGCMGCCGCGGTAA	GGACTACNVGGGTWTCTAAT	KB	KBChim612.fa	Ch	0.0	0.012971196737	0.0	0.305385208512	0.019622538175	0.00131153211452	2.16186612284e-05	7.20622040946e-06	0.00025942393474	0.0	0.000490022987843	0.557473210876	0.000367517240882	0.0	0.00384091547824	0.0	0.000172949289827	0.02587033127	0.00193126706973	0.0328171277447	0.000417960783749	0.0158248600192	0.0200477051791	0.00116740770633
KBLa881		GTGYCAGCMGCCGCGGTAA	GGACTACNVGGGTWTCTAAT	KB	KBLa881.fa	La	0.0	0.00780210784815	0.0	0.283267676251	0.0116392100686	0.0235853883147	0.0	0.0	0.0	0.0	0.00021743579249	0.501087178962	0.000460452266448	0.0	0.00101043691804	0.0	0.0	0.0433976261128	0.00149646986596	0.0736979433132	0.0	0.0229202905965	0.0255551007879	0.00386268290187
KBLa891		GTGYCAGCMGCCGCGGTAA	GGACTACNVGGGTWTCTAAT	KB	KBLa891.fa	La	0.0	0.0211316131996	0.0	0.245241558839	0.0177168670087	0.0186968838527	7.65638159406e-06	0.0	0.0	0.0	0.00113314447592	0.606906056198	0.00024500421101	0.0	0.000597197764337	0.0	0.0	0.0359696807289	0.000382819079703	0.0202740984611	0.0	0.0110251894954	0.0174871755608	0.00318505474313
KBLa911		GTGYCAGCMGCCGCGGTAA	GGACTACNVGGGTWTCTAAT	KB	KBLa911.fa	La	0.0	0.013559232203	0.0	0.242829507009	0.0160679109949	0.00926621145336	0.0	0.0	0.0	0.0	0.00106000512336	0.621578170961	0.000167834144532	0.0	0.000326834913035	0.0	0.0	0.0448823835982	0.000247334528784	0.02083793405	0.0	0.0088068758999	0.0174900845354	0.00287968058512
KBLa921		GTGYCAGCMGCCGCGGTAA	GGACTACNVGGGTWTCTAAT	KB	KBLa921.fa	La	7.17144045553e-06	0.0423975559731	0.0	0.16199566845	0.0126791067254	0.0203955766555	0.0	0.0	7.17144045553e-06	0.0	0.00396580657191	0.648032873883	0.000215143213666	0.0	0.000100400166377	0.0	7.17144045553e-06	0.0232282956355	9.32287259219e-05	0.0269000731487	0.0	0.0381018631402	0.018703116708	0.00316977668134
KBLa931		GTGYCAGCMGCCGCGGTAA	GGACTACNVGGGTWTCTAAT	KB	KBLa931.fa	La	0.0	0.0258919006039	0.0	0.238431127165	0.0327749177546	0.0145339742313	9.48073987694e-06	0.0	0.0	0.0	0.000398191074831	0.537301971046	0.000274941456431	9.48073987694e-06	4.74036993847e-05	0.0	0.0	0.0343013168748	0.000730016970524	0.0587237027978	0.0	0.0123439233198	0.0397148193445	0.00451283218142
KBLa941		GTGYCAGCMGCCGCGGTAA	GGACTACNVGGGTWTCTAAT	KB	KBLa941.fa	La	0.0	0.00768875769529	0.0	0.214919498794	0.0092909450293	0.00570343860749	0.0	0.0	0.0	0.0	0.00215946988497	0.694234737859	0.000374424213927	0.0	0.000148028177599	0.0	4.35376992938e-05	0.0156648642059	0.00141932899698	0.0256262898043	0.0	0.0147244499012	0.00490234494048	0.00309988418972
KBLa951		GTGYCAGCMGCCGCGGTAA	GGACTACNVGGGTWTCTAAT	KB	KBLa951.fa	La	4.25817303086e-05	0.0296262388622	0.0	0.348499526278	0.01482908758	0.0104644602233	1.06454325772e-05	0.0	0.0	0.0	0.00452430884529	0.438911185156	0.000542917061435	0.0	0.00391751918839	0.0	0.00366202880654	0.0536316893237	0.000745180280401	0.0456263240257	0.0	0.00842053716853	0.0340760296795	0.0024697403579
KBMa1001		GTGYCAGCMGCCGCGGTAA	GGACTACNVGGGTWTCTAAT	KB	KBMa1001.fa	Ma	9.29540806841e-06	0.0175590258412	0.0	0.16549544525	0.00421081985499	0.00725971370143	0.0	0.0	0.000241680609779	0.0	0.00099460866332	0.692015244469	0.0001766127533	0.0	0.000901654582636	0.0	0.000213794385574	0.023238520171	0.000892359174568	0.0301078267336	0.0	0.0241959472021	0.0306934374419	0.0017940137572
KBMa1011		GTGYCAGCMGCCGCGGTAA	GGACTACNVGGGTWTCTAAT	KB	KBMa1011.fa	Ma	0.0	0.0118498417006	0.0	0.294741170182	0.00247522716994	0.00229431355619	3.28933843181e-05	0.0	0.0	0.0	0.00379918588874	0.567377986103	0.000131573537272	0.0	0.000444060688294	0.0	0.000723654454998	0.0128119731919	0.000970354837383	0.0491838329016	0.0	0.0264462809917	0.0240203938983	0.00269725751408
KBMa1031		GTGYCAGCMGCCGCGGTAA	GGACTACNVGGGTWTCTAAT	KB	KBMa1031.fa	Ma	0.0	0.043184762785	0.0	0.259323138879	0.00075096759286	0.00623880769453	8.25239113033e-06	0.0	0.0	0.0	0.000189804995998	0.605981333091	9.9028693564e-05	0.0	0.000363105209735	0.0	1.65047822607e-05	0.0173300213737	0.00376309035543	0.0235358195037	0.0	0.0101586934814	0.0268367759558	0.00221989321406
KBMa1041		GTGYCAGCMGCCGCGGTAA	GGACTACNVGGGTWTCTAAT	KB	KBMa1041.fa	Ma	1.17525385483e-05	0.0408283189169	0.0	0.194857089131	0.0589507333584	0.00197442647612	0.0	0.0	5.87626927416e-05	0.0	3.5257615645e-05	0.574746145167	0.000105772846935	0.0	0.00157484016548	0.0	0.00324370063934	0.0267370251974	0.00376081233546	0.0413219255359	0.0	0.021518898082	0.0282295975931	0.00204494170741
KBMa1051		GTGYCAGCMGCCGCGGTAA	GGACTACNVGGGTWTCTAAT	KB	KBMa1051.fa	Ma	0.0	0.0196284164193	0.0	0.317168253318	0.00906779950183	0.00118572354728	0.0	0.0	0.0	0.0	0.00199611014433	0.537960214283	0.000102364622786	0.0	0.00132220971099	0.0	0.00644897123554	0.0115927935306	0.000835977752755	0.0275190227591	8.5303852322e-06	0.0143054560344	0.0494677039615	0.00139045279285
KBMa1071		GTGYCAGCMGCCGCGGTAA	GGACTACNVGGGTWTCTAAT	KB	KBMa1071.fa	Ma	0.0	0.0254164469701	0.0	0.175903685043	0.0149491280489	0.018776729744	0.0	0.0	0.000908078973578	0.0	0.000761614623001	0.658630655965	0.0001269357705	0.0	0.000136700060539	0.0	0.000722557462847	0.0465951920636	0.00259730115023	0.0119807838772	0.0	0.0179272365106	0.0227215029195	0.00184545081727
KBMa1081		GTGYCAGCMGCCGCGGTAA	GGACTACNVGGGTWTCTAAT	KB	KBMa1081.fa	Ma	0.0	0.0180649684506	0.0	0.229457817247	0.0087987847628	0.016884786165	0.0	0.0	0.0	0.0	0.000350549193737	0.615389109605	7.01098387474e-05	0.0	0.000677728441225	0.0	0.000362234166861	0.0414465996728	0.00186959569993	0.0205304977799	0.0	0.0182869829399	0.0252629118953	0.00254732414115
KBMa1091		GTGYCAGCMGCCGCGGTAA	GGACTACNVGGGTWTCTAAT	KB	KBMa1091.fa	Ma	0.0	0.0230728033839	0.0	0.208627982469	0.0044812171423	0.00410960401342	0.0	0.0	0.00182527625064	0.0	6.55787874482e-05	0.633797121091	0.000371613128873	0.0	0.000907173226367	0.0	0.000120227776988	0.0473260249418	0.00125692675942	0.018416709475	3.27893937241e-05	0.0314559583793	0.0205480200671	0.00358497371384
KBMa1101		GTGYCAGCMGCCGCGGTAA	GGACTACNVGGGTWTCTAAT	KB	KBMa1101.fa	Ma	0.0	0.0145386685184	1.08497526256e-05	0.361578856002	0.0132475479559	0.014202326187	2.16995052513e-05	0.0	0.00201805398837	0.0	0.000325492578769	0.378157278014	0.000640135404913	0.0	0.00264733964066	0.0	0.000444839857651	0.0585886641785	0.000716083673292	0.0445056852704	0.000401440847149	0.0633734050864	0.0413592570089	0.00322237652982
KBMa1111		GTGYCAGCMGCCGCGGTAA	GGACTACNVGGGTWTCTAAT	KB	KBMa1111.fa	Ma	0.0	0.0221768707483	0.0	0.208583797155	0.0527520098949	0.0146444032158	2.47371675943e-05	0.0	1.23685837972e-05	0.0	0.00126159554731	0.599344465059	0.00100185528757	0.0	0.000927643784787	0.0	3.71057513915e-05	0.0449103277675	0.000705009276438	0.0176623376623	0.0	0.00570191713049	0.0280890538033	0.0021645021645
KBMa1121		GTGYCAGCMGCCGCGGTAA	GGACTACNVGGGTWTCTAAT	KB	KBMa1121.fa	Ma	0.0	0.0253692661034	0.0	0.279834523835	0.00541520048884	0.0189848079395	0.0	0.0	0.000259873434614	0.0	0.000449510805818	0.535599148739	0.000723431453114	0.0	0.000709384240432	0.0	0.000554864900932	0.0456042759715	0.00223350681641	0.0303981682435	0.0	0.0124317832234	0.038608764056	0.00282348974905
KBMa1131		GTGYCAGCMGCCGCGGTAA	GGACTACNVGGGTWTCTAAT	KB	KBMa1131.fa	Ma	0.0	0.0135222284633	0.0	0.23650724306	0.062923436449	0.0233414466704	0.0	0.0	0.00147010894062	0.0	0.00049928228172	0.558474970008	0.00036059275902	0.0	0.0004160685681	0.0	0.0	0.0391659212105	0.000145623998835	0.0171420250057	0.0	0.0180088345226	0.0258239891267	0.0021982289348
KBMa1141		GTGYCAGCMGCCGCGGTAA	GGACTACNVGGGTWTCTAAT	KB	KBMa1141.fa	Ma	0.0	0.0300431925782	0.0	0.242740692838	0.0315042354275	0.0270013492691	0.0	0.0	0.0	0.0	0.000383224353908	0.581574892418	7.18545663577e-05	0.0	0.000838303274173	0.0	0.00372046976919	0.0265542541895	0.00274644120301	0.0120635833074	0.0	0.0105546374139	0.0295162590916	0.000686610300751
KBMa1151		GTGYCAGCMGCCGCGGTAA	GGACTACNVGGGTWTCTAAT	KB	KBMa1151.fa	Ma	3.58834505526e-05	0.0504880149275	0.0	0.269197646046	0.0212430027271	0.0354349074207	0.0	1.79417252763e-05	0.00285273431893	0.0	0.000915027989091	0.406882445816	0.000627960384671	1.79417252763e-05	0.00586694416535	0.0	0.00183005597818	0.0617733601263	0.000843261087986	0.0311827185302	0.000287067604421	0.0613248169944	0.0470252619492	0.00215300703316
KBMa1161		GTGYCAGCMGCCGCGGTAA	GGACTACNVGGGTWTCTAAT	KB	KBMa1161.fa	Ma	2.02018161433e-05	0.0338481429481	0.0	0.204311067565	0.0115453379259	0.0092928354259	0.0	0.0	0.000131311804931	0.0	0.000595953576227	0.590125352269	0.0013535216816	2.02018161433e-05	0.000818173553802	2.02018161433e-05	4.04036322865e-05	0.0840193533399	0.000292926334077	0.0201412106948	0.0	0.0141210694841	0.0274239654145	0.00187876890132
KBMa1171		GTGYCAGCMGCCGCGGTAA	GGACTACNVGGGTWTCTAAT	KB	KBMa1171.fa	Ma	0.0	0.0217324923007	0.0	0.213651948596	0.000854991668193	0.01627101491	0.0	0.0	0.000427495834097	0.0	0.00120396785929	0.688547473849	0.000750298810864	0.0	0.000270456548102	0.0	0.0	0.0204587292032	0.000628157143979	0.010233726804	0.0	0.0131651268092	0.00996327025589	0.00184084940805
KBMa1181		GTGYCAGCMGCCGCGGTAA	GGACTACNVGGGTWTCTAAT	KB	KBMa1181.fa	Ma	0.0	0.0206795664605	0.0	0.154637941352	0.00389653567391	0.0204534875989	0.0	0.0	0.0	0.0	0.00203470975464	0.741778043753	5.3195026265e-05	0.0	0.000478755236385	0.0	0.000797925393976	0.0195358733958	0.000571846532349	0.00812554026199	0.0	0.00639670190837	0.0196688609615	0.000891016689939
KBMa1191		GTGYCAGCMGCCGCGGTAA	GGACTACNVGGGTWTCTAAT	KB	KBMa1191.fa	Ma	0.0	0.0156093369612	0.0	0.262699208281	0.0439536834353	0.00892985004398	0.0	0.0	3.06867699106e-05	0.0	0.00104335017696	0.546030154866	0.000276180929195	0.0	0.00225036312678	0.0	0.000910374174014	0.0208567746159	0.0075284875514	0.0172561936131	2.04578466071e-05	0.0232810294388	0.0464290828747	0.0028947852949
KBMa971		GTGYCAGCMGCCGCGGTAA	GGACTACNVGGGTWTCTAAT	KB	KBMa971.fa	Ma	9.75000975001e-06	0.00939900939901	0.0	0.24532974533	0.00566475566476	0.00627900627901	0.0	0.0	0.00024375024375	0.0	0.00022425022425	0.648570648571	3.9000039e-05	0.0	4.875004875e-05	0.0	0.000273000273	0.0140302640303	0.00552825552826	0.0282652782653	0.0	0.0112905112905	0.0234487734488	0.00135525135525
KBMa981		GTGYCAGCMGCCGCGGTAA	GGACTACNVGGGTWTCTAAT	KB	KBMa981.fa	Ma	0.0	0.0223941328156	0.0	0.182927905403	0.0103636595386	0.0179035405085	0.0	0.0	0.000107852653666	0.0	0.0018923238325	0.653057622731	0.000245119667422	0.0	0.000284338814209	0.0	0.00267670676824	0.027718131992	0.00113735525684	0.0240805561275	5.88287201812e-05	0.0146875704719	0.0359541528174	0.00451020188056
KBMa991		GTGYCAGCMGCCGCGGTAA	GGACTACNVGGGTWTCTAAT	KB	KBMa991.fa	Ma	0.000427133123157	0.0186413098749	0.0	0.193755720533	0.00703752669582	0.0108817248042	0.0	0.0	2.03396725313e-05	0.0	0.00186108003661	0.661374961863	9.15285263907e-05	7.11888538595e-05	8.13586901251e-05	0.0	0.000620360012204	0.0226787348724	0.00122038035188	0.0290145428659	8.13586901251e-05	0.0182345164243	0.029939997966	0.0039662361436
KBMg1641		GTGYCAGCMGCCGCGGTAA	GGACTACNVGGGTWTCTAAT	KB	KBMg1641.fa	Mg	6.91629895011e-06	0.00201955929343	0.0	0.124023072773	0.036594137745	0.075415323752	0.0	2.07488968503e-05	0.00065013210131	0.0	4.14977937006e-05	0.55414770448	0.00285643146639	0.0	0.00137634349107	0.0	0.000110660783202	0.127654129722	0.00367947104146	0.0116954615246	0.0	0.0505512290263	0.00621775275615	0.00293942705379
KBMp1211		GTGYCAGCMGCCGCGGTAA	GGACTACNVGGGTWTCTAAT	KB	KBMp1211.fa	Mp	8.84040418328e-06	0.00979516783507	0.0	0.263382161832	0.016929374011	0.0184410831263	0.0	0.0	0.0	0.0	0.000300573742231	0.617758603923	0.000229850508765	0.0	0.000159127275299	0.0	0.0	0.0413730915777	0.00136142224423	0.00838070316575	0.0	0.00943271126356	0.00849562842013	0.00395166066993
KBMp1252		GTGYCAGCMGCCGCGGTAA	GGACTACNVGGGTWTCTAAT	KB	KBMp1252.fa	Mp	0.0	0.00689034758195	0.0	0.324024279331	0.140871525169	0.0615583850686	0.0	0.0	0.0	0.0	1.9771442129e-05	0.378207916485	0.000415200284709	0.0	0.000158171537032	0.0	0.0	0.0397109415161	0.000247143026612	0.0111807505239	0.0	0.00989560678556	0.024526473961	0.00229348728696
KBMp126		GTGYCAGCMGCCGCGGTAA	GGACTACNVGGGTWTCTAAT	KB	KBMp126.fa	Mp	0.0	0.0182997655	0.0	0.268038601182	0.0172039711587	0.0139458093172	0.0	0.0	0.0	0.0	0.000350654189222	0.568461577798	0.000160716503393	0.0	0.000131495320958	0.0	0.0	0.0808696223893	0.000336043598004	0.013668208084	0.0	0.00985484377625	0.00685236728104	0.0018263239022
KBMp1282		GTGYCAGCMGCCGCGGTAA	GGACTACNVGGGTWTCTAAT	KB	KBMp1282.fa	Mp	0.0	0.00911941991592	0.0	0.347227473921	0.00408520355583	0.0177272626171	0.0	0.0	0.000215010713465	0.0	9.63841129325e-05	0.547610044707	0.000103798275466	0.0	0.000355879801597	0.0	0.000963841129325	0.015488185532	0.000489334727196	0.0235251377181	7.41416253327e-06	0.0147022843035	0.0170229171764	0.00126040763066
KBMp129		GTGYCAGCMGCCGCGGTAA	GGACTACNVGGGTWTCTAAT	KB	KBMp129.fa	Mp	0.0	0.0120269189765	0.0	0.371146499645	0.00680748045487	0.0167022032694	1.1105188344e-05	1.1105188344e-05	0.000255419331912	0.0	0.000122157071784	0.510350035537	5.552594172e-05	0.0	0.000866204690832	0.0	0.00174351457001	0.0179459843639	0.000255419331912	0.026763503909	0.0	0.0116382373845	0.0221881663113	0.0011105188344
KBMp1312		GTGYCAGCMGCCGCGGTAA	GGACTACNVGGGTWTCTAAT	KB	KBMp1312.fa	Mp	0.0	0.0136516302382	0.0	0.140949723557	0.139874954787	0.0136206272929	0.0	0.0	0.0	0.0	0.000372035343358	0.571332609931	0.000558053015036	0.0	0.000403038288637	0.0	0.00457810158632	0.0630599906991	0.000103343150933	0.0118327907818	0.0	0.00576654782204	0.0318296904873	0.00206686301865
KBMp1342		GTGYCAGCMGCCGCGGTAA	GGACTACNVGGGTWTCTAAT	KB	KBMp1342.fa	Mp	0.0	0.0173615077099	0.0	0.132400533029	0.0271368741671	0.0338758804493	0.0	9.51837045498e-06	0.0	0.0	0.000333142965924	0.629411764706	0.000533028745479	0.0	0.000609175709119	0.0	0.00119931467733	0.041757091186	0.000342661336379	0.0427374833429	0.0	0.0302017894536	0.0371882733676	0.00490196078431
KBMp1342b		GTGYCAGCMGCCGCGGTAA	GGACTACNVGGGTWTCTAAT	KB	KBMp1342b.fa	Mp	0.0	0.0189679027368	0.0	0.183604980914	0.0159455985242	0.0283291956549	0.0	0.0	0.0	0.0	0.00036306901255	0.577976429952	0.000284567604431	0.0	0.000902766193369	0.0	0.00156021548637	0.0440687279828	0.000274754928417	0.0407226054617	0.0	0.029663719593	0.05274313358	0.00459233237496
KBMp1352		GTGYCAGCMGCCGCGGTAA	GGACTACNVGGGTWTCTAAT	KB	KBMp1352.fa	Mp	0.0	0.015015450805	0.0	0.206110323869	0.00172434398102	0.0544363443908	0.0	0.0	0.0	0.0	0.0116350536937	0.522954262203	0.000896317415874	0.0	0.000128045345125	0.0	0.000708517576358	0.0272480494426	0.000554863162208	0.0282382667782	0.0	0.0227152442252	0.105261810049	0.00237310706298
KBMp1352b		GTGYCAGCMGCCGCGGTAA	GGACTACNVGGGTWTCTAAT	KB	KBMp1352b.fa	Mp	0.0	0.0146272907151	0.0	0.170950681436	0.0877544982155	0.0240213029569	0.0	0.0	0.0	0.0	0.00064722525288	0.555448712022	2.77382251234e-05	0.0	0.00170127780757	0.0	0.00787765593506	0.0456016421029	0.000147937200658	0.0243356695083	0.0	0.00776670303456	0.0580283669582	0.00106329862973
KBMp1362		GTGYCAGCMGCCGCGGTAA	GGACTACNVGGGTWTCTAAT	KB	KBMp1362.fa	Mp	0.0	0.00658185819052	0.0	0.305858676032	0.0645930485241	0.0246633698644	3.91544211215e-06	0.0	0.000191856663495	0.0	0.00375882442766	0.446657974385	0.000360220674317	0.0	0.0032224088583	0.0	0.00162490847654	0.0332225263216	0.000771342096093	0.0345381148712	0.0	0.0228740128192	0.0491309676232	0.00194597472974
KBMp1372		GTGYCAGCMGCCGCGGTAA	GGACTACNVGGGTWTCTAAT	KB	KBMp1372.fa	Mp	0.0	0.0144681761237	0.0	0.225784520427	0.00259724386592	0.0439468940019	0.0	0.0	0.0	0.0	0.0117028753017	0.521496012467	0.000786812112323	0.0	9.93063831087e-05	0.0	0.000572921441012	0.0259495218016	0.00100834173618	0.0288446848168	0.0	0.0243988144346	0.0958841323678	0.00245974272008
KBMu11412		GTGYCAGCMGCCGCGGTAA	GGACTACNVGGGTWTCTAAT	KB	KBMu11412.fa	Mu	0.0	0.0290381666637	0.0	0.192050451353	0.0020583865829	0.0289427052569	0.0	0.0	0.0	0.0	0.000232687178936	0.656834141772	6.56297171359e-05	0.0	0.000519071399166	0.0	0.0	0.0356309700669	8.94950688217e-05	0.0305715155095	0.0	0.00474323864755	0.0179765761573	0.00124696462558
KBMu11422		GTGYCAGCMGCCGCGGTAA	GGACTACNVGGGTWTCTAAT	KB	KBMu11422.fa	Mu	4.18462568523e-06	0.011566305394	0.0	0.246574883877	0.0087835293133	0.0316776164372	0.0	4.18462568523e-06	0.0	4.18462568523e-06	5.4400133908e-05	0.65520358204	0.000874586768214	0.0	0.000100431016446	0.0	0.00112147968364	0.0155207766665	0.0020672050885	0.015474745784	0.0	0.00438130309244	0.00475373477842	0.00183286605013
KBMu11432		GTGYCAGCMGCCGCGGTAA	GGACTACNVGGGTWTCTAAT	KB	KBMu11432.fa	Mu	0.0	0.0261041790454	0.0	0.11064567241	0.0234600911071	0.106139829669	9.90295107942e-06	0.0	0.0	0.0	0.000574371162606	0.6178946326	0.000207961972668	0.0	1.98059021588e-05	0.0	0.000118835412953	0.0479005743712	0.000386215092097	0.0109526638938	0.0	0.00731828084769	0.045632798574	0.00263418498713
KBMu11451		GTGYCAGCMGCCGCGGTAA	GGACTACNVGGGTWTCTAAT	KB	KBMu11451.fa	Mu	7.90189013212e-06	0.0336857576332	0.0	0.169171565839	0.00593431948922	0.0637840571465	3.16075605285e-05	0.0	0.0	0.0	0.00122479297048	0.598923762564	0.000355585055945	0.0	0.000513622858588	0.0	8.69207914533e-05	0.0286838611796	0.000134332132246	0.0192015930211	0.0	0.0505799987357	0.0257838675011	0.00189645363171
KBMu11461		GTGYCAGCMGCCGCGGTAA	GGACTACNVGGGTWTCTAAT	KB	KBMu11461.fa	Mu	0.0	0.0503638296133	0.0	0.0762079960755	0.000367917586461	0.0680402256561	0.0	0.0	0.0	0.0	4.90556781948e-05	0.737372250838	0.00103834518846	0.0	0.000138991088218	0.0	0.0	0.0483525468073	0.000106287302755	0.00851116016679	0.0	0.00418608453929	0.00300874826261	0.00225656119696
KBMu11481		GTGYCAGCMGCCGCGGTAA	GGACTACNVGGGTWTCTAAT	KB	KBMu11481.fa	Mu	7.18628282335e-06	0.0347887951478	0.0	0.083720194892	0.0154720669187	0.0110596892651	0.0	0.0	0.0	0.0	4.31176969401e-05	0.804346263852	0.000431176969401	0.0	4.31176969401e-05	0.0	0.000229961050347	0.0246489500841	0.00101326587809	0.0116202193254	0.0	0.00102763844374	0.00989551144775	0.00165284504937
KBMu11501		GTGYCAGCMGCCGCGGTAA	GGACTACNVGGGTWTCTAAT	KB	KBMu11501.fa	Mu	0.0	0.0301540093967	0.0	0.252664173813	0.04888612283	0.0218235243104	0.0	0.0	0.0	0.0	0.000270370918292	0.534125401093	0.000142837466267	0.0	0.000173445494753	0.0	0.0	0.0309090074326	0.000331586975264	0.0401016186546	0.0	0.0164824233396	0.0220632872002	0.00187219107572
KBMu11511		GTGYCAGCMGCCGCGGTAA	GGACTACNVGGGTWTCTAAT	KB	KBMu11511.fa	Mu	1.77679856435e-05	0.0475560135747	0.0	0.0404132833461	0.0182299532702	0.0161866349212	8.88399282173e-06	0.0	0.0	0.0	3.55359712869e-05	0.841438496118	7.99559353956e-05	0.0	2.66519784652e-05	0.0	7.10719425739e-05	0.0171105701747	0.00106607913861	0.00712496224303	0.0	0.00120822302376	0.00798670954674	0.00143920683712
KBMu21531		GTGYCAGCMGCCGCGGTAA	GGACTACNVGGGTWTCTAAT	KB	KBMu21531.fa	Mu	1.24074866775e-05	0.0150813000565	0.0	0.186236375029	0.029505003319	0.0180156706557	0.0	0.0	0.000223334760194	0.0	0.000217131016856	0.613109750423	0.000552133157147	0.0	0.000124074866775	0.0	0.00226436631864	0.0467452060573	0.00180528931157	0.0364345846284	6.20374333873e-06	0.016812144448	0.0310187166937	0.00183630802826
KBMu21551		GTGYCAGCMGCCGCGGTAA	GGACTACNVGGGTWTCTAAT	KB	KBMu21551.fa	Mu	0.0	0.0280821480962	0.0	0.165954461381	0.028892148734	0.023234900185	0.0	0.0	0.0	0.0	0.00426685375343	0.580776835257	0.000204094648893	0.0	0.000440079086676	0.0	0.00249378149117	0.0357420753875	0.00106511894891	0.0352063269341	6.37795777792e-06	0.0133745774603	0.0744243893105	0.0058358313668
KBMu21591		GTGYCAGCMGCCGCGGTAA	GGACTACNVGGGTWTCTAAT	KB	KBMu21591.fa	Mu	0.0	0.0744691996089	0.0	0.118434837268	0.036178237184	0.0190319877078	0.0	1.74605391814e-05	0.0	0.0	0.0029159100433	0.612934767426	0.000104763235089	0.0	0.000576197792988	0.0	0.00298575220003	0.0352528286073	0.000611118871351	0.022419332309	1.74605391814e-05	0.00773501885738	0.0614087163012	0.00490641150999
KBMu21611		GTGYCAGCMGCCGCGGTAA	GGACTACNVGGGTWTCTAAT	KB	KBMu21611.fa	Mu	0.0	0.0129081245254	0.0	0.157175398633	0.00987091875475	0.0220197418375	0.0	0.0	0.0	0.0	0.0	0.689445709947	0.0	0.0	0.000759301442673	0.0	0.0	0.0349278663629	0.00151860288535	0.00987091875475	0.0	0.0182232346241	0.0364464692483	0.00683371298405
KBMu21621		GTGYCAGCMGCCGCGGTAA	GGACTACNVGGGTWTCTAAT	KB	KBMu21621.fa	Mu	2.30989559272e-05	0.0458745264714	0.0	0.156437679017	0.00903169176753	0.00555529890049	0.0	0.0	0.0	0.0	0.00112029936247	0.707301579969	0.000115494779636	0.0	0.000196341125381	0.0	0.0	0.015233761434	0.000334934860944	0.0340247620808	0.0	0.0112029936247	0.0124618867227	0.00108565092858
KBNF1941		GTGYCAGCMGCCGCGGTAA	GGACTACNVGGGTWTCTAAT	KB	KBNF1941.fa	NF	0.0	0.0502930713724	0.0	0.209345590696	0.0807366872426	0.0193045684884	0.0	0.0	0.000233523005908	0.0	0.00104306942639	0.542567351927	0.000132329703348	0.0	0.000108977402757	0.0	0.00373636809453	0.0285287272218	0.00168136564254	0.0230642888835	0.0	0.0154747911915	0.0218888897538	0.00186039994707
KBNF1991		GTGYCAGCMGCCGCGGTAA	GGACTACNVGGGTWTCTAAT	KB	KBNF1991.fa	NF	0.0	0.0948142205068	0.0	0.041124109592	0.210976548524	0.0161222122234	0.0	0.0	1.08421064044e-05	0.0	4.33684256177e-05	0.569394902042	6.50526384266e-05	0.0	0.00182147387594	0.0	0.00725336918457	0.0100940010625	0.00207084232325	0.0119154749385	0.0	0.0136068435376	0.0201446336994	0.000542105320222
KBNF2001		GTGYCAGCMGCCGCGGTAA	GGACTACNVGGGTWTCTAAT	KB	KBNF2001.fa	NF	1.44941190112e-05	0.0382499800706	7.24705950561e-06	0.240124069659	0.0646075354925	0.0170016016002	7.24705950561e-06	0.0	0.000246400023191	0.0	0.00217411785168	0.52638292013	0.000123200011595	0.0	0.000173929428135	0.0	0.00406560038264	0.0371194387877	0.000978353033257	0.0280896026437	0.0	0.0105879539377	0.0283577438454	0.00168856486481
KBNF2011		GTGYCAGCMGCCGCGGTAA	GGACTACNVGGGTWTCTAAT	KB	KBNF2011.fa	NF	0.0	0.0214753485811	0.0	0.297124820547	0.018574603237	0.0165686640839	0.0	9.8330350646e-06	0.0	0.0	0.00392338099078	0.48557493756	0.000176994631163	0.0	0.000216326771421	0.0	0.00367755511416	0.0212393557395	0.00170111506618	0.0542390214164	0.0	0.0156935239631	0.0580345729513	0.00176994631163
KBNF2021		GTGYCAGCMGCCGCGGTAA	GGACTACNVGGGTWTCTAAT	KB	KBNF2021.fa	NF	0.0	0.0501376289059	0.0	0.250571838412	0.0120086066527	0.0286694580135	9.69217647515e-06	9.69217647515e-06	0.0	0.0	0.000125998294177	0.561603473676	0.000814142823913	0.0	0.000232612235404	0.0	0.00157013258897	0.026537179189	0.00652283476778	0.0177948360084	0.0	0.0291928355431	0.0108940063581	0.00330503217803
KBNa1661		GTGYCAGCMGCCGCGGTAA	GGACTACNVGGGTWTCTAAT	KB	KBNa1661.fa	Na	6.38064367933e-06	0.0325795666267	0.0	0.126891860851	0.0190206988081	0.0105982491514	0.0	0.0	0.00306908960976	0.0	0.00019141931038	0.694028993645	6.38064367933e-06	0.0	0.000261606390853	0.0	0.00222684464409	0.0182550215666	0.000816722390955	0.0475102728363	0.0	0.0211135499349	0.0221408335673	0.00128250937955
KBNa1681		GTGYCAGCMGCCGCGGTAA	GGACTACNVGGGTWTCTAAT	KB	KBNa1681.fa	Na	0.0	0.0231279464405	0.0	0.172520863636	0.00865492732543	0.0180732213041	1.03157655845e-05	0.0	1.03157655845e-05	0.0	0.000484840982474	0.633181691579	0.000515788279227	0.0	0.0010006292617	0.0	0.00177431168054	0.0330620286985	0.00410567470265	0.0292761427289	0.0	0.016835329434	0.055519450376	0.00184652203963
KBNa1691		GTGYCAGCMGCCGCGGTAA	GGACTACNVGGGTWTCTAAT	KB	KBNa1691.fa	Na	0.0	0.0212748265704	0.0	0.213734201273	0.000273211061484	0.0228784567139	0.0	0.0	0.00806566568469	0.0	0.000879026893471	0.63421790364	0.000332604770503	0.0	0.000118787418037	0.0	0.0	0.0180438087998	0.0012829041148	0.0199206500048	0.0	0.0293523709969	0.0254917799107	0.00413380214768
KBNa1701		GTGYCAGCMGCCGCGGTAA	GGACTACNVGGGTWTCTAAT	KB	KBNa1701.fa	Na	0.0	0.0257791292994	0.0	0.187893000722	0.000352197367969	0.0351596055389	0.0	0.0	0.0260626052297	0.0	0.000867608150363	0.593985156169	0.000575542040339	0.0	0.000566951860633	0.0	0.0	0.0195512490121	0.00134865821393	0.0123698587774	0.0	0.0737466927808	0.0200494794351	0.00169226540219
KBNa1791		GTGYCAGCMGCCGCGGTAA	GGACTACNVGGGTWTCTAAT	KB	KBNa1791.fa	Na	0.0	0.0136621778848	0.0	0.23550553514	0.00791392597542	0.0273013166838	1.15195429045e-05	0.0	0.00997592415533	0.0	0.000898524346554	0.57194530521	0.00100220023269	0.0	0.0002534299439	0.0	0.0	0.0616756327109	0.00266101441095	0.0327500604776	0.0	0.0111739566174	0.0197675356242	0.00350194104298
KBNa1801		GTGYCAGCMGCCGCGGTAA	GGACTACNVGGGTWTCTAAT	KB	KBNa1801.fa	Na	0.0	0.0182941021304	0.0	0.222089468866	0.000543081912269	0.0159821248468	1.55166260648e-05	0.0	0.0205595295359	0.0	0.000636181668658	0.566434434497	0.000170682886713	0.0	0.000620665042593	0.0	0.0	0.0238956041398	0.000993064068149	0.0186820177821	0.0	0.0346175927506	0.0743246388505	0.00214129439695
KBNa1811		GTGYCAGCMGCCGCGGTAA	GGACTACNVGGGTWTCTAAT	KB	KBNa1811.fa	Na	3.57632473029e-05	0.0151993801037	0.0	0.213828455624	0.00537640817786	0.00894081182571	0.0	0.0	0.00227692674495	0.0	0.000154974071646	0.672337128211	0.000226500566251	0.0	0.000691422781189	0.0	0.000822554687966	0.0360612743637	0.0012517136556	0.0106455266138	0.0	0.00773678249985	0.0222208976575	0.00219347916791
KBNa1821		GTGYCAGCMGCCGCGGTAA	GGACTACNVGGGTWTCTAAT	KB	KBNa1821.fa	Na	0.0	0.0288389269841	0.0	0.223214037171	0.00458379341381	0.0212673168106	0.0	0.0	0.0	0.0	0.000473225635839	0.676527080569	8.35104063245e-05	0.0	0.000361878427406	0.0	0.000194857614757	0.0159783244101	0.000278368021082	0.0156164459827	0.0	0.00489927717104	0.00675506397825	0.000927893403606
KBNa1831		GTGYCAGCMGCCGCGGTAA	GGACTACNVGGGTWTCTAAT	KB	KBNa1831.fa	Na	0.0	0.0291623079991	0.0	0.17206890583	0.0113939959511	0.0305094184848	7.525756903e-06	0.0	0.0	0.0	0.000398865115859	0.678522242374	0.000323607546829	0.0	0.000353710574441	0.0	9.7834839739e-05	0.0223289207312	0.000714946905785	0.0319844668378	0.0	0.0135237851547	0.0062689555002	0.00234051039683
KBNa1851		GTGYCAGCMGCCGCGGTAA	GGACTACNVGGGTWTCTAAT	KB	KBNa1851.fa	Na	0.0	0.0379973988945	0.0	0.0974226546282	0.176712602856	0.00629017332366	0.0	0.0	0.0	0.0	0.000337643498487	0.563439461771	0.000231348323037	0.0	6.87792311732e-05	0.0	0.0026073581272	0.0368218993072	0.00144436385464	0.0199397243829	0.0	0.0178888527624	0.0368906785384	0.00190706050071
KBNa1861		GTGYCAGCMGCCGCGGTAA	GGACTACNVGGGTWTCTAAT	KB	KBNa1861.fa	Na	0.0	0.0084703050363	0.0	0.276571256629	0.0155639974424	0.0140820701847	0.0	0.0	0.0	0.0	0.000579230450972	0.574950163614	6.77022605033e-05	0.0	0.000992966487381	0.0	0.000827472072818	0.0194004588709	0.0051754616918	0.0459472674615	0.00124120810923	0.00973408056569	0.0231090382518	0.0032873208711
KBNa1871		GTGYCAGCMGCCGCGGTAA	GGACTACNVGGGTWTCTAAT	KB	KBNa1871.fa	Na	0.0	0.0378343788923	0.0	0.192314284735	0.0224309531155	0.00452504199376	0.0	0.0	0.0	0.0	0.00103413207181	0.629529327071	0.000468501822586	0.0	0.000914149897729	0.0	0.000714179607601	0.0314867505399	0.00547918594952	0.0239507273205	0.0	0.0211340029481	0.0263160901809	0.00186829385348
KBNa1881		GTGYCAGCMGCCGCGGTAA	GGACTACNVGGGTWTCTAAT	KB	KBNa1881.fa	Na	0.0	0.0468258721365	0.0	0.226044318012	0.0236655936517	0.00391151369966	0.0	0.0	0.0	0.0	0.000617607426261	0.558485551729	0.000336876777961	0.0	0.000701826620752	0.0	0.00105741877527	0.0192674801617	0.00536195538254	0.0437004042521	0.0	0.0485757598443	0.0186873034885	0.00276051804162
KBNa1891		GTGYCAGCMGCCGCGGTAA	GGACTACNVGGGTWTCTAAT	KB	KBNa1891.fa	Na	0.0	0.0161823615438	0.0	0.184322078803	0.0188317331129	0.0134482100846	0.0	0.0	2.11949725525e-05	0.0	0.000370912019669	0.650855217143	0.000466289396155	0.0	8.477989021e-05	0.0	0.0010703461139	0.0399843157203	0.00179097518069	0.0307115152286	0.0	0.00882770606812	0.0270341874907	0.00599817723236
KBNa1901		GTGYCAGCMGCCGCGGTAA	GGACTACNVGGGTWTCTAAT	KB	KBNa1901.fa	Na	0.0	0.0430692295671	0.0	0.158066364536	0.0106995884774	0.0131583059853	3.12548835756e-05	0.0	0.0	0.0	0.00227118820649	0.618377871542	0.00436526540605	0.0	0.00254206386415	0.0	0.000968901390842	0.0400375058603	0.00370891285097	0.0377246444757	0.0	0.0239099859353	0.038683127572	0.00238578944627
KBNa1911		GTGYCAGCMGCCGCGGTAA	GGACTACNVGGGTWTCTAAT	KB	KBNa1911.fa	Na	0.0	0.0385725946954	0.0	0.199454184383	0.00971015728749	0.0124270519865	6.09169215025e-06	0.0	0.0	0.0	0.000304584607512	0.646931614664	0.000310676299663	0.0	0.000444693526968	0.0	0.00179704918432	0.0229534960221	0.000791919979532	0.0149672876132	0.0	0.00851009393389	0.0404732026462	0.00234530147784
KBNa1921		GTGYCAGCMGCCGCGGTAA	GGACTACNVGGGTWTCTAAT	KB	KBNa1921.fa	Na	0.0	0.0162601626016	0.0	0.146341463415	0.0	0.00813008130081	0.0	0.0	0.0	0.0	0.0	0.723577235772	0.0	0.0	0.0	0.0	0.0	0.0243902439024	0.0	0.0406504065041	0.0	0.0162601626016	0.0243902439024	0.0
KBUnk2051		GTGYCAGCMGCCGCGGTAA	GGACTACNVGGGTWTCTAAT	KB	KBUnk2051.fa	Un	0.0	0.0248304383788	0.0	0.3435318445	0.0432919768404	0.0136062861869	0.0	0.0	0.0	0.0	0.000388751033912	0.443101736973	0.000421836228288	0.0	0.000496277915633	0.0	0.00341604631927	0.0493879239041	4.96277915633e-05	0.0390736145575	0.0	0.00291976840364	0.0341770057899	0.00130686517783
KBUnk2061		GTGYCAGCMGCCGCGGTAA	GGACTACNVGGGTWTCTAAT	KB	KBUnk2061.fa	Un	0.0	0.0416002111909	0.0	0.197694499137	0.0178962304621	0.011912487763	0.0	0.0	0.0	0.0	0.00111095222905	0.581182009174	0.000945959323749	0.0	0.000142993851264	0.0	0.00105595459395	0.0278728014695	0.00213390824195	0.0402362698404	0.0	0.0320086236292	0.0404232617997	0.003783837295
NB431		GTGYCAGCMGCCGCGGTAA	GGACTACNVGGGTWTCTAAT	NB	NB431.fa	NB	0.0	0.0588156865534	0.0	0.160998720046	0.0121062362227	0.00844414420821	0.0	0.0	0.0	0.0	0.0	0.619000213326	0.000133328592761	0.0	0.00166216312309	0.0	0.00151994595748	0.031323330726	0.000195548602716	0.0284345445495	0.0	0.00994631301998	0.0621222356538	0.00529758941904
NB511		GTGYCAGCMGCCGCGGTAA	GGACTACNVGGGTWTCTAAT	NB	NB511.fa	NB	2.67849968304e-05	0.0521950304903	0.0	0.118220047677	0.019481621028	0.00456237779345	0.0	8.92833227681e-06	0.0	0.0	0.000937474889065	0.667196414382	0.000508914939778	0.0	0.000142853316429	0.0	0.00303563297412	0.0883279912145	0.00228565306286	0.0242404221316	0.0	0.00581234431221	0.0125264501844	0.000491058275225
NB591		GTGYCAGCMGCCGCGGTAA	GGACTACNVGGGTWTCTAAT	NB	NB591.fa	NB	0.0	0.0192147362791	0.0	0.203056425099	0.00696072108351	0.00375171068569	0.0	0.0	1.57304431266e-05	0.0	0.00183259662425	0.426074782527	0.000283147976278	0.0	0.00154158342641	0.0	0.00268204055308	0.250224158815	0.000385395856601	0.0567003822498	7.86522156329e-06	0.00770005191046	0.0167922480376	0.00277642321184
NB631		GTGYCAGCMGCCGCGGTAA	GGACTACNVGGGTWTCTAAT	NB	NB631.fa	NB	7.92631695756e-06	0.0200456555857	0.0	0.14487722135	0.0580206401294	0.00425643220621	3.96315847878e-05	0.0	1.58526339151e-05	0.0	0.000198157923939	0.703032608868	0.000142673705236	0.0	0.000610326405732	0.0	0.000784705378799	0.0114931595885	0.00503321126805	0.0267830249996	0.0	0.015686181259	0.00528685341069	0.00368573738527
NB681		GTGYCAGCMGCCGCGGTAA	GGACTACNVGGGTWTCTAAT	NB	NB681.fa	NB	0.0	0.0355728101631	0.0	0.250264252339	0.0505783915676	0.0058283693408	2.96357763092e-05	0.0	0.0	0.0	0.000651987078802	0.566231020755	0.000474172420947	0.0	0.000533443973565	0.0	0.000800165960347	0.0219205958767	0.004218158828	0.0355431743868	0.0	0.0142646869968	0.0104910648134	0.0025980697231
NB691		GTGYCAGCMGCCGCGGTAA	GGACTACNVGGGTWTCTAAT	NB	NB691.fa	NB	7.42964129692e-06	0.0323486582068	0.0	0.223000683527	0.0250601800945	0.00679812178668	7.42964129692e-06	0.0	1.48592825938e-05	0.0	0.000245178162798	0.571450860353	0.000780112336176	0.0	0.000237748521501	0.0	0.000631519510238	0.0129721537044	0.00543106778805	0.0626244464917	0.0	0.0197108383607	0.0325715474457	0.00610716514607
NB701		GTGYCAGCMGCCGCGGTAA	GGACTACNVGGGTWTCTAAT	NB	NB701.fa	NB	7.23547117388e-06	0.0368213128039	0.0	0.204199467469	0.0177920236166	0.00159903912943	7.23547117388e-06	0.0	2.89418846955e-05	0.0	0.000687369761519	0.633805568419	0.000231535077564	0.0	8.68256540866e-05	0.0	0.0011359689743	0.0179873813383	0.000984024079648	0.0340863047002	0.0	0.0394405533688	0.00794454734892	0.00315466543181
NB731		GTGYCAGCMGCCGCGGTAA	GGACTACNVGGGTWTCTAAT	NB	NB731.fa	NB	1.4800343368e-05	0.0322499481988	0.0	0.150475091022	0.0215270994287	0.00742237219904	0.0	0.0	0.0	0.0	0.0	0.682466033212	0.000281206523991	0.0	0.00162803777048	0.0	0.000777018026818	0.0189740401977	0.00261966077613	0.0315395317171	0.0	0.0249903797768	0.0196030547909	0.00543172601604
NB781		GTGYCAGCMGCCGCGGTAA	GGACTACNVGGGTWTCTAAT	NB	NB781.fa	NB	0.0	0.0127885508048	0.0	0.406667570697	0.0326285374529	0.00202363691364	1.04311181116e-05	0.0	4.17244724462e-05	0.0	0.000260777952789	0.469692386327	8.34489448924e-05	0.0	0.0002712090709	0.0	0.000479831433131	0.0181292832779	0.00210708585853	0.0325346573899	0.0	0.00708272919774	0.00942973077284	0.00576840831569
NB791		GTGYCAGCMGCCGCGGTAA	GGACTACNVGGGTWTCTAAT	NB	NB791.fa	NB	2.3391083319e-05	0.0288256116768	0.0	0.247633602071	0.0517956554961	0.00420259796965	3.89851388651e-05	0.0	0.0	0.0	0.00064715330516	0.576286119731	0.000436633555289	0.0	0.000265098944282	0.0	0.000951237388308	0.0219018510144	0.00455346421944	0.035484273395	0.0	0.0120775960204	0.0125532147146	0.00232351427636
NB801		GTGYCAGCMGCCGCGGTAA	GGACTACNVGGGTWTCTAAT	NB	NB801.fa	NB	0.0	0.0261540949147	0.0	0.184432856334	0.00287007842186	0.00675074783734	1.01059099361e-05	0.0	0.0	0.0	0.000373918667637	0.677934756245	0.00031328320802	0.0	0.000121270919234	0.0	0.000293071388148	0.0116622200663	0.000262753658339	0.037492925863	0.0	0.0163513622767	0.0272758509176	0.00770070337133
NB801b		GTGYCAGCMGCCGCGGTAA	GGACTACNVGGGTWTCTAAT	NB	NB801b.fa	NB	0.0	0.032176092046	0.0	0.170445053588	0.00356466394513	0.0083175492053	1.17645674757e-05	0.0	0.0	0.0	0.000670580346114	0.671050928813	0.000258820484465	0.0	0.000129410242232	0.0	0.00035293702427	0.0113881013165	0.000258820484465	0.0416818625663	0.0	0.0210938694839	0.0290467170974	0.00955282879025
NB821		GTGYCAGCMGCCGCGGTAA	GGACTACNVGGGTWTCTAAT	NB	NB821.fa	NB	2.95426793241e-05	0.0162780163076	0.0	0.254549572616	0.0770473076772	0.0118466144089	0.0	0.0	1.96951195494e-05	0.0	0.000571158466932	0.547750817347	0.000423445070312	0.0	0.00140820104778	0.0	0.000699176744003	0.0184247843384	0.00822271241186	0.0408772206247	0.0	0.0115413400559	0.00872493796037	0.00158545712372
NB851		GTGYCAGCMGCCGCGGTAA	GGACTACNVGGGTWTCTAAT	NB	NB851.fa	NB	0.0	0.0121944907403	0.0	0.208734899225	0.0111075454705	0.0198652187866	0.0	0.0	7.24630179812e-05	0.0	0.00025879649279	0.609165536589	0.000414074388464	0.0	0.00143890849991	0.0	0.00077638947837	0.0319354872103	0.00271218724444	0.0679081997081	0.0	0.0126189169884	0.0200722559808	0.000724630179812
NB871		GTGYCAGCMGCCGCGGTAA	GGACTACNVGGGTWTCTAAT	NB	NB871.fa	NB	0.0	0.0180485880165	0.0	0.301245702046	0.0442139676456	0.00216447776337	0.0	0.0	0.0	0.0	0.000101459895158	0.536474832309	0.000822952482949	0.0	7.89132517896e-05	0.0	0.000563666084212	0.0291753565188	0.00589594724085	0.0403584916296	0.0	0.0055802942337	0.0106532889916	0.00462206189054
