	Chim_15+Chim_16	KB_Chim_23_Chim_5_Chim_12	KB_Chim_27	KB_Chim_30_Chim_4	KB_Chim_31_Chim_19_Chim_9	KB_Chim_32_KB_Mp_131_KB_Mp_135	KB_Chim_33	KB_Chim_35_Chim_2	KB_Chim_37_KB_Chim_86	KB_Chim_40	KB_Chim_41	KB_Chim_46_KB_Chim_75	KB_Chim_49	KB_Chim_52_Chim_13	KB_Chim_54_KB_Chim_55_Chim_10	KB_Chim_56_KB_Chim_57_KB_Chim_58	KB_Chim_61	KB_Chim_64_Chim_7	KB_Chim_66_KB_Chim_67_Chim_14	KB_Chim_68	KB_Chim_69	KB_Chim_71_Chim_17	KB_Chim_73_KB_Chim_74_Chim_1	KB_Chim_76_Chim_6	KB_Chim_78_KB_Chim_79_Chim_8	KB_Chim_82_Chim_18	KB_Chim_84	KB_Ma_107	KB_Ma_108	KB_Ma_109	KB_Ma_110_KB_Ma_115	KB_Ma_111	KB_Ma_112	KB_Ma_113	KB_Ma_114	KB_Ma_116	KB_Ma_117	KB_Ma_118	KB_Ma_119	KB_Mg_164	KB_Mp_121	KB_Mp_122	KB_Mp_123	KB_Mp_124	KB_Mp_125_KB_Mp_126	KB_Mp_127	KB_Mp_128	KB_Mp_129_KB_Mp_130	KB_Mp_132_KB_Mp_138_KB_Mp_139	KB_Mp_133	KB_Mp_134	KB_Mp_136	KB_Mp_137	KB_Mu1_141_KB_Mu1_149_KB_La_88	KB_Mu1_142	KB_Mu1_143_KB_La_87	KB_Mu1_144_KB_La_89_KB_La_90_KB_La_91	KB_Mu1_145_KB_La_92	KB_Mu1_146	KB_Mu1_147_KB_La_95	KB_Mu1_148_KB_Mu1_151_KB_La_94	KB_Mu1_150_KB_La_93	KB_Mu2_153	KB_Mu2_154_KB_Mu2_158	KB_Mu2_155_KB_Mu2_159	KB_Mu2_156_KB_Mu2_157	KB_Mu2_160	KB_Mu2_161	KB_Mu2_162	KB_Mu2_163	KB_Na_165_KB_Na_186	KB_Na_166	KB_Na_167	KB_Na_168_KB_Na_172	KB_Na_169_KB_Na_170_KB_Na_180	KB_Na_171_KB_Na_173_KB_Na_174_KB_Na_175_KB_Na_176	KB_Na_177_KB_Na_190	KB_Na_178_KB_Na_179	KB_Na_181	KB_Na_182_KB_Na_183_KB_Na_184	KB_Na_185	KB_Na_187_KB_Na_188	KB_Na_189	KB_Na_191_KB_Na_193	KB_Na_192	KB_NF_194_KB_NF_200_KB_Ma_97	KB_NF_195_KB_Ma_100	KB_NF_196_KB_NF_197_KB_Ma_101_KB_Ma_105	KB_NF_198_KB_Ma_98_KB_Ma_99	KB_NF_199_KB_Ma_104	KB_NF_201_KB_Ma_102	KB_NF_202_KB_Ma_103	KB_Unk_205	Finger_guy_3A	KB_Bo_209_KB_Unk_206	KB_Bo_21
Chim_15+Chim_16	1.00	
KB_Chim_23_Chim_5_Chim_12	0.29	1.00	
KB_Chim_27	0.15	0.23	1.00	
KB_Chim_30_Chim_4	0.05	0.00	0.00	1.00	
KB_Chim_31_Chim_19_Chim_9	0.32	0.07	0.11	0.00	1.00	
KB_Chim_32_KB_Mp_131_KB_Mp_135	0.00	0.05	0.23	0.01	0.14	1.00	
KB_Chim_33	0.21	0.30	0.01	0.00	0.05	0.00	1.00	
KB_Chim_35_Chim_2	0.19	0.00	0.42	0.00	0.50	0.00	0.00	1.00	
KB_Chim_37_KB_Chim_86	0.08	0.08	0.00	0.50	0.10	0.00	0.22	0.50	1.00	
KB_Chim_40	0.00	0.00	0.00	0.00	0.00	0.00	0.00	0.05	0.06	1.00	
KB_Chim_41	0.50	0.00	0.00	0.34	0.00	0.00	0.39	0.00	0.58	0.43	1.00	
KB_Chim_46_KB_Chim_75	0.00	0.03	0.00	0.14	0.00	0.00	0.00	0.10	0.05	0.69	0.12	1.00	
KB_Chim_49	0.17	0.00	0.50	0.06	0.17	0.27	0.00	0.51	0.27	0.25	0.50	0.07	1.00	
KB_Chim_52_Chim_13	0.00	0.50	0.13	0.15	0.07	0.00	0.18	0.21	0.50	0.00	0.40	0.04	0.17	1.00	
KB_Chim_54_KB_Chim_55_Chim_10	0.00	0.08	0.50	0.00	0.00	0.00	0.02	0.50	0.00	0.00	0.13	0.11	0.52	0.50	1.00	
KB_Chim_56_KB_Chim_57_KB_Chim_58	0.00	0.00	0.23	0.00	0.00	0.50	0.00	0.06	0.12	0.00	0.06	0.00	0.33	0.00	0.00	1.00	
KB_Chim_61	0.00	0.01	0.22	0.50	0.00	0.00	0.00	0.12	0.25	0.32	0.56	0.44	0.32	0.38	0.27	0.04	1.00	
KB_Chim_64_Chim_7	0.00	0.06	0.00	0.00	0.00	0.10	0.02	0.04	0.21	0.15	0.19	0.34	0.00	0.26	0.33	0.16	0.37	1.00	
KB_Chim_66_KB_Chim_67_Chim_14	0.53	0.10	0.00	0.50	0.00	0.00	0.13	0.00	0.41	0.50	0.69	0.03	0.00	0.30	0.00	0.04	0.50	0.25	1.00	
KB_Chim_68	0.17	0.00	0.00	0.59	0.05	0.00	0.12	0.16	0.50	0.00	0.07	0.35	0.15	0.32	0.03	0.00	0.15	0.12	0.00	1.00	
KB_Chim_69	0.20	0.03	0.63	0.00	0.08	0.17	0.08	0.42	0.04	0.29	0.12	0.50	0.68	0.19	0.57	0.21	0.14	0.14	0.00	0.07	1.00	
KB_Chim_71_Chim_17	0.16	0.00	0.00	0.00	0.51	0.00	0.00	0.34	0.05	0.08	0.53	0.00	0.00	0.22	0.19	0.05	0.27	0.50	0.50	0.00	0.00	1.00	
KB_Chim_73_KB_Chim_74_Chim_1	0.27	0.54	0.44	0.00	0.00	0.00	0.18	0.19	0.05	0.00	0.00	0.08	0.18	0.49	0.50	0.00	0.38	0.23	0.18	0.08	0.44	0.00	1.00	
KB_Chim_76_Chim_6	0.40	0.00	0.00	0.50	0.15	0.03	0.00	0.18	0.35	0.08	0.50	0.26	0.42	0.27	0.50	0.00	0.50	0.50	0.50	0.41	0.00	0.12	0.50	1.00	
KB_Chim_78_KB_Chim_79_Chim_8	0.00	0.00	0.35	0.00	0.15	0.50	0.05	0.19	0.22	0.00	0.04	0.00	0.39	0.17	0.36	0.38	0.21	0.31	0.00	0.00	0.50	0.00	0.00	0.08	1.00	
KB_Chim_82_Chim_18	0.08	0.04	0.18	0.00	0.10	0.00	0.07	0.50	0.66	0.50	0.64	0.52	0.53	0.52	0.53	0.12	0.53	0.63	0.50	0.50	0.50	0.43	0.50	0.59	0.50	1.00	
KB_Chim_84	0.49	0.02	0.00	0.00	0.21	0.00	0.00	0.05	0.00	0.10	0.00	0.12	0.00	0.00	0.00	0.00	0.00	0.00	0.14	0.04	0.00	0.24	0.00	0.00	0.00	0.00	1.00	
KB_Ma_107	0.02	0.24	0.04	0.00	0.00	0.06	0.22	0.00	0.12	0.00	0.13	0.00	0.00	0.50	0.34	0.02	0.11	0.14	0.13	0.08	0.00	0.00	0.04	0.00	0.22	0.10	0.00	1.00	
KB_Ma_108	0.00	0.00	0.00	0.08	0.00	0.27	0.00	0.00	0.00	0.00	0.00	0.00	0.00	0.00	0.00	0.16	0.00	0.00	0.14	0.00	0.00	0.00	0.00	0.00	0.00	0.00	0.06	0.10	1.00	
KB_Ma_109	0.00	0.14	0.01	0.14	0.00	0.25	0.01	0.00	0.00	0.00	0.00	0.00	0.00	0.05	0.00	0.03	0.03	0.00	0.00	0.32	0.00	0.00	0.00	0.00	0.00	0.00	0.07	0.03	0.37	1.00	
KB_Ma_110_KB_Ma_115	0.00	0.23	0.00	0.00	0.00	0.13	0.22	0.00	0.00	0.00	0.00	0.00	0.00	0.23	0.08	0.00	0.00	0.00	0.00	0.00	0.00	0.00	0.00	0.00	0.00	0.00	0.00	0.32	0.00	0.20	1.00	
KB_Ma_111	0.00	0.33	0.00	0.23	0.00	0.29	0.50	0.00	0.10	0.00	0.00	0.00	0.00	0.17	0.00	0.08	0.11	0.00	0.00	0.07	0.00	0.00	0.00	0.00	0.29	0.06	0.00	0.07	0.28	0.50	0.00	1.00	
KB_Ma_112	0.06	0.00	0.03	0.00	0.24	0.00	0.02	0.10	0.00	0.00	0.00	0.00	0.00	0.00	0.00	0.00	0.00	0.00	0.00	0.00	0.00	0.12	0.00	0.00	0.00	0.00	0.00	0.13	0.00	0.00	0.16	0.00	1.00	
KB_Ma_113	0.00	0.38	0.00	0.00	0.00	0.28	0.48	0.00	0.00	0.00	0.00	0.00	0.00	0.00	0.00	0.11	0.00	0.00	0.00	0.00	0.00	0.00	0.07	0.00	0.17	0.00	0.00	0.05	0.26	0.52	0.35	0.72	0.12	1.00	
KB_Ma_114	0.00	0.07	0.29	0.00	0.02	0.01	0.08	0.21	0.00	0.00	0.00	0.00	0.12	0.00	0.00	0.17	0.00	0.00	0.00	0.00	0.12	0.00	0.00	0.00	0.14	0.00	0.00	0.29	0.08	0.00	0.17	0.10	0.00	0.00	1.00	
KB_Ma_116	0.00	0.03	0.17	0.24	0.04	0.22	0.09	0.05	0.18	0.00	0.02	0.00	0.11	0.00	0.10	0.18	0.14	0.17	0.00	0.24	0.23	0.00	0.00	0.00	0.57	0.08	0.11	0.00	0.00	0.48	0.00	0.19	0.00	0.00	0.00	1.00	
KB_Ma_117	0.00	0.13	0.00	0.48	0.00	0.01	0.00	0.00	0.00	0.09	0.00	0.26	0.00	0.00	0.00	0.00	0.00	0.00	0.00	0.27	0.00	0.00	0.18	0.10	0.00	0.00	0.00	0.00	0.14	0.16	0.14	0.30	0.00	0.30	0.06	0.17	1.00	
KB_Ma_118	0.00	0.00	0.00	0.00	0.20	0.23	0.00	0.07	0.00	0.00	0.00	0.00	0.00	0.00	0.06	0.32	0.00	0.22	0.00	0.00	0.00	0.13	0.00	0.00	0.00	0.00	0.05	0.04	0.15	0.09	0.03	0.22	0.10	0.14	0.00	0.00	0.19	1.00	
KB_Ma_119	0.00	0.50	0.00	0.42	0.00	0.02	0.13	0.00	0.12	0.04	0.16	0.00	0.00	0.50	0.02	0.00	0.14	0.00	0.05	0.47	0.00	0.00	0.02	0.00	0.00	0.00	0.47	0.24	0.31	0.33	0.24	0.37	0.00	0.16	0.07	0.01	0.14	0.03	1.00	
KB_Mg_164	0.17	0.01	0.00	0.00	0.36	0.00	0.05	0.29	0.10	0.00	0.50	0.00	0.08	0.00	0.02	0.00	0.00	0.00	0.07	0.00	0.00	0.38	0.00	0.08	0.03	0.15	0.30	0.13	0.00	0.00	0.08	0.00	0.42	0.01	0.00	0.13	0.00	0.26	0.00	1.00	
KB_Mp_121	0.08	0.00	0.01	0.35	0.00	0.00	0.00	0.00	0.00	0.29	0.28	0.32	0.00	0.00	0.00	0.00	0.05	0.10	0.22	0.13	0.00	0.00	0.25	0.00	0.00	0.00	0.21	0.00	0.29	0.00	0.00	0.00	0.00	0.00	0.00	0.00	0.17	0.00	0.34	0.00	1.00	
KB_Mp_122	0.28	0.10	0.00	0.34	0.00	0.05	0.00	0.00	0.07	0.05	0.42	0.16	0.06	0.03	0.00	0.00	0.29	0.04	0.50	0.10	0.00	0.00	0.25	0.56	0.00	0.15	0.00	0.00	0.00	0.00	0.00	0.00	0.00	0.00	0.00	0.22	0.32	0.00	0.00	0.18	0.50	1.00	
KB_Mp_123	0.00	0.00	0.00	0.46	0.00	0.00	0.51	0.00	0.35	0.10	0.37	0.16	0.00	0.00	0.00	0.00	0.00	0.05	0.25	0.51	0.00	0.00	0.00	0.00	0.30	0.08	0.00	0.05	0.00	0.00	0.00	0.40	0.10	0.10	0.00	0.37	0.25	0.04	0.06	0.19	0.29	0.15	1.00	
KB_Mp_124	0.14	0.03	0.02	0.49	0.00	0.14	0.18	0.01	0.10	0.00	0.28	0.14	0.07	0.00	0.00	0.00	0.00	0.00	0.00	0.15	0.07	0.00	0.00	0.00	0.00	0.00	0.04	0.00	0.28	0.00	0.00	0.11	0.09	0.07	0.04	0.33	0.34	0.00	0.00	0.02	0.39	0.36	0.43	1.00	
KB_Mp_125_KB_Mp_126	0.00	0.00	0.00	0.00	0.00	0.00	0.12	0.00	0.00	0.23	0.27	0.50	0.00	0.17	0.02	0.00	0.00	0.04	0.07	0.00	0.01	0.00	0.00	0.21	0.00	0.09	0.08	0.18	0.33	0.12	0.08	0.00	0.00	0.06	0.00	0.00	0.00	0.00	0.30	0.00	0.50	0.14	0.00	0.00	1.00	
KB_Mp_127	0.00	0.00	0.00	0.00	0.00	0.00	0.11	0.00	0.00	0.21	0.18	0.14	0.00	0.00	0.00	0.00	0.00	0.00	0.11	0.00	0.00	0.00	0.10	0.00	0.00	0.00	0.04	0.30	0.00	0.00	0.12	0.00	0.17	0.00	0.12	0.00	0.00	0.04	0.00	0.15	0.21	0.21	0.32	0.50	0.13	1.00	
KB_Mp_128	0.03	0.00	0.00	0.00	0.00	0.00	0.18	0.00	0.11	0.09	0.13	0.13	0.07	0.32	0.09	0.00	0.00	0.00	0.08	0.00	0.00	0.00	0.07	0.50	0.00	0.24	0.00	0.00	0.05	0.05	0.00	0.02	0.02	0.10	0.00	0.00	0.04	0.00	0.13	0.00	0.00	0.25	0.00	0.00	0.67	0.14	1.00	
KB_Mp_129_KB_Mp_130	0.22	0.05	0.00	0.00	0.00	0.00	0.00	0.00	0.00	0.10	0.18	0.13	0.00	0.00	0.00	0.00	0.00	0.16	0.11	0.00	0.00	0.00	0.00	0.00	0.00	0.00	0.47	0.03	0.23	0.00	0.00	0.00	0.00	0.00	0.12	0.15	0.15	0.00	0.19	0.03	0.50	0.21	0.19	0.50	0.12	0.50	0.00	1.00	
KB_Mp_132_KB_Mp_138_KB_Mp_139	0.21	0.21	0.00	0.08	0.00	0.00	0.33	0.00	0.00	0.16	0.08	0.15	0.00	0.07	0.02	0.00	0.00	0.15	0.36	0.06	0.00	0.00	0.13	0.00	0.00	0.00	0.26	0.29	0.42	0.18	0.07	0.29	0.00	0.03	0.14	0.01	0.13	0.00	0.63	0.00	0.50	0.00	0.39	0.00	0.50	0.00	0.00	0.47	1.00	
KB_Mp_133	0.31	0.19	0.50	0.15	0.09	0.16	0.00	0.27	0.00	0.00	0.00	0.00	0.24	0.00	0.16	0.15	0.00	0.00	0.00	0.00	0.17	0.00	0.08	0.00	0.12	0.00	0.00	0.22	0.00	0.05	0.06	0.00	0.37	0.09	0.32	0.25	0.00	0.04	0.00	0.34	0.00	0.00	0.00	0.06	0.00	0.12	0.00	0.04	0.00	1.00	
KB_Mp_134	0.13	0.13	0.00	0.17	0.00	0.00	0.29	0.00	0.00	0.16	0.00	0.09	0.00	0.00	0.00	0.00	0.00	0.00	0.31	0.01	0.00	0.00	0.00	0.00	0.00	0.00	0.25	0.21	0.21	0.00	0.00	0.26	0.01	0.02	0.00	0.00	0.24	0.05	0.13	0.13	0.20	0.00	0.50	0.01	0.12	0.01	0.00	0.27	0.62	0.00	1.00	
KB_Mp_136	0.50	0.27	0.20	0.02	0.36	0.23	0.00	0.27	0.16	0.00	0.50	0.00	0.12	0.21	0.05	0.00	0.50	0.05	0.07	0.05	0.13	0.16	0.22	0.19	0.10	0.14	0.04	0.13	0.00	0.00	0.00	0.00	0.00	0.00	0.17	0.28	0.00	0.00	0.23	0.26	0.15	0.38	0.05	0.17	0.00	0.28	0.00	0.21	0.00	0.32	0.00	1.00	
KB_Mp_137	0.08	0.00	0.00	0.23	0.00	0.00	0.00	0.05	0.11	0.57	0.00	0.63	0.00	0.00	0.00	0.00	0.29	0.08	0.26	0.08	0.00	0.07	0.15	0.05	0.00	0.00	0.18	0.03	0.06	0.00	0.00	0.00	0.03	0.00	0.03	0.00	0.30	0.00	0.15	0.00	0.40	0.26	0.17	0.23	0.43	0.29	0.16	0.08	0.43	0.00	0.50	0.00	1.00	
KB_Mu1_141_KB_Mu1_149_KB_La_88	0.00	0.00	0.12	0.00	0.08	0.20	0.00	0.18	0.00	0.08	0.00	0.00	0.00	0.00	0.00	0.29	0.00	0.29	0.00	0.00	0.00	0.06	0.00	0.00	0.00	0.00	0.10	0.00	0.15	0.00	0.00	0.00	0.00	0.00	0.00	0.00	0.10	0.70	0.00	0.10	0.08	0.00	0.00	0.00	0.02	0.00	0.00	0.03	0.00	0.00	0.05	0.00	0.09	1.00	
KB_Mu1_142	0.00	0.00	0.00	0.02	0.02	0.06	0.03	0.00	0.00	0.00	0.00	0.00	0.00	0.00	0.00	0.06	0.00	0.10	0.00	0.02	0.00	0.00	0.00	0.00	0.00	0.00	0.00	0.12	0.00	0.00	0.13	0.00	0.00	0.00	0.37	0.09	0.00	0.36	0.00	0.00	0.00	0.00	0.03	0.00	0.00	0.11	0.00	0.12	0.00	0.09	0.00	0.00	0.00	0.50	1.00	
KB_Mu1_143_KB_La_87	0.43	0.00	0.00	0.09	0.07	0.00	0.23	0.23	0.34	0.00	0.00	0.00	0.00	0.10	0.03	0.00	0.00	0.00	0.00	0.39	0.00	0.19	0.00	0.04	0.00	0.00	0.07	0.50	0.00	0.00	0.05	0.00	0.00	0.00	0.50	0.18	0.00	0.00	0.00	0.00	0.00	0.00	0.04	0.07	0.00	0.13	0.00	0.14	0.00	0.34	0.00	0.17	0.00	0.00	0.50	1.00	
KB_Mu1_144_KB_La_89_KB_La_90_KB_La_91	0.05	0.03	0.00	0.50	0.20	0.07	0.09	0.00	0.42	0.00	0.00	0.00	0.18	0.00	0.00	0.00	0.24	0.17	0.00	0.50	0.00	0.05	0.09	0.09	0.30	0.29	0.00	0.00	0.06	0.22	0.00	0.44	0.00	0.00	0.10	0.63	0.02	0.00	0.20	0.04	0.00	0.02	0.43	0.26	0.00	0.07	0.00	0.19	0.00	0.20	0.00	0.38	0.00	0.00	0.30	0.24	1.00	
KB_Mu1_145_KB_La_92	0.07	0.00	0.00	0.10	0.00	0.10	0.25	0.00	0.00	0.00	0.00	0.00	0.00	0.00	0.00	0.00	0.00	0.00	0.04	0.26	0.00	0.00	0.00	0.00	0.00	0.00	0.50	0.20	0.39	0.46	0.31	0.18	0.00	0.18	0.18	0.30	0.22	0.07	0.58	0.00	0.13	0.00	0.00	0.00	0.30	0.04	0.08	0.40	0.58	0.00	0.13	0.00	0.00	0.00	0.27	0.50	0.00	1.00	
KB_Mu1_146	0.00	0.00	0.10	0.00	0.00	0.18	0.12	0.10	0.00	0.00	0.00	0.00	0.00	0.10	0.10	0.10	0.00	0.33	0.00	0.12	0.05	0.00	0.00	0.00	0.19	0.00	0.18	0.02	0.50	0.18	0.00	0.00	0.00	0.00	0.00	0.24	0.00	0.34	0.00	0.00	0.11	0.00	0.08	0.00	0.14	0.00	0.00	0.12	0.00	0.00	0.00	0.00	0.00	0.56	0.50	0.10	0.00	0.08	1.00	
KB_Mu1_147_KB_La_95	0.19	0.00	0.00	0.00	0.22	0.00	0.05	0.16	0.00	0.05	0.00	0.00	0.00	0.00	0.00	0.00	0.00	0.15	0.15	0.00	0.00	0.29	0.00	0.00	0.00	0.00	0.50	0.00	0.34	0.14	0.00	0.01	0.00	0.02	0.00	0.11	0.00	0.16	0.00	0.05	0.02	0.00	0.00	0.06	0.14	0.02	0.05	0.22	0.09	0.00	0.09	0.00	0.03	0.24	0.02	0.05	0.05	0.12	0.51	1.00	
KB_Mu1_148_KB_Mu1_151_KB_La_94	0.05	0.07	0.00	0.33	0.09	0.00	0.12	0.07	0.48	0.33	0.50	0.26	0.00	0.50	0.13	0.00	0.62	0.50	0.50	0.50	0.04	0.50	0.50	0.50	0.06	0.55	0.16	0.14	0.00	0.00	0.00	0.14	0.00	0.00	0.00	0.13	0.00	0.00	0.38	0.17	0.00	0.15	0.50	0.17	0.01	0.00	0.03	0.00	0.04	0.00	0.00	0.15	0.35	0.00	0.00	0.04	0.35	0.00	0.00	0.11	1.00	
KB_Mu1_150_KB_La_93	0.36	0.13	0.00	0.26	0.12	0.00	0.00	0.12	0.05	0.00	0.00	0.25	0.00	0.00	0.00	0.00	0.50	0.18	0.25	0.50	0.00	0.02	0.50	0.25	0.00	0.06	0.09	0.16	0.01	0.00	0.00	0.00	0.13	0.04	0.05	0.42	0.00	0.00	0.00	0.04	0.14	0.31	0.24	0.00	0.00	0.11	0.00	0.08	0.00	0.27	0.08	0.57	0.25	0.00	0.02	0.09	0.35	0.00	0.00	0.06	0.30	1.00	
KB_Mu2_153	0.00	0.03	0.00	0.00	0.00	0.00	0.05	0.00	0.01	0.19	0.00	0.24	0.00	0.06	0.00	0.00	0.07	0.12	0.23	0.00	0.00	0.00	0.11	0.00	0.00	0.00	0.00	0.06	0.08	0.00	0.00	0.00	0.00	0.00	0.06	0.00	0.09	0.00	0.19	0.00	0.01	0.00	0.01	0.00	0.19	0.02	0.10	0.00	0.32	0.00	0.31	0.00	0.45	0.00	0.00	0.00	0.00	0.00	0.00	0.00	0.12	0.07	1.00	
KB_Mu2_154_KB_Mu2_158	0.00	0.00	0.06	0.11	0.00	0.06	0.00	0.00	0.06	0.00	0.00	0.00	0.10	0.00	0.00	0.03	0.29	0.00	0.00	0.00	0.01	0.00	0.00	0.12	0.10	0.00	0.00	0.00	0.00	0.00	0.00	0.00	0.00	0.00	0.00	0.00	0.26	0.03	0.00	0.00	0.00	0.01	0.00	0.05	0.00	0.00	0.00	0.00	0.00	0.00	0.00	0.00	0.00	0.24	0.00	0.00	0.02	0.00	0.00	0.00	0.00	0.00	0.50	1.00	
KB_Mu2_155_KB_Mu2_159	0.00	0.00	0.40	0.00	0.00	0.02	0.02	0.12	0.00	0.25	0.00	0.18	0.52	0.03	0.50	0.21	0.14	0.00	0.00	0.00	0.49	0.00	0.28	0.42	0.12	0.28	0.00	0.00	0.00	0.19	0.00	0.00	0.00	0.00	0.17	0.00	0.29	0.03	0.00	0.00	0.00	0.03	0.00	0.18	0.01	0.00	0.03	0.00	0.00	0.00	0.00	0.00	0.00	0.26	0.00	0.00	0.00	0.00	0.00	0.00	0.00	0.00	0.00	0.46	1.00	
KB_Mu2_156_KB_Mu2_157	0.02	0.00	0.00	0.00	0.00	0.00	0.00	0.00	0.00	0.10	0.00	0.17	0.00	0.00	0.00	0.00	0.00	0.00	0.00	0.00	0.00	0.00	0.00	0.02	0.00	0.00	0.00	0.00	0.00	0.06	0.05	0.00	0.07	0.12	0.17	0.00	0.15	0.03	0.00	0.00	0.00	0.03	0.00	0.05	0.00	0.16	0.10	0.12	0.00	0.05	0.00	0.00	0.19	0.01	0.00	0.00	0.15	0.00	0.00	0.00	0.00	0.07	0.34	0.31	0.23	1.00	
KB_Mu2_160	0.03	0.31	0.02	0.00	0.00	0.13	0.00	0.00	0.00	0.00	0.00	0.00	0.00	0.00	0.00	0.50	0.00	0.00	0.00	0.00	0.00	0.00	0.19	0.00	0.25	0.00	0.00	0.00	0.14	0.12	0.08	0.27	0.00	0.50	0.50	0.00	0.22	0.01	0.00	0.00	0.00	0.00	0.00	0.00	0.00	0.10	0.03	0.04	0.00	0.18	0.01	0.12	0.00	0.14	0.22	0.03	0.19	0.06	0.00	0.00	0.00	0.28	0.00	0.16	0.19	0.23	1.00	
KB_Mu2_161	0.13	0.22	0.09	0.00	0.20	0.01	0.57	0.08	0.02	0.00	0.00	0.00	0.00	0.14	0.09	0.03	0.00	0.00	0.00	0.00	0.08	0.13	0.15	0.00	0.12	0.00	0.00	0.18	0.00	0.05	0.11	0.40	0.11	0.20	0.03	0.09	0.00	0.05	0.00	0.28	0.00	0.00	0.00	0.00	0.00	0.04	0.15	0.00	0.00	0.21	0.12	0.04	0.00	0.00	0.10	0.13	0.08	0.02	0.00	0.00	0.00	0.00	0.00	0.00	0.00	0.00	0.11	1.00	
KB_Mu2_162	0.40	0.09	0.01	0.00	0.00	0.00	0.12	0.21	0.00	0.00	0.05	0.07	0.00	0.23	0.49	0.00	0.00	0.00	0.27	0.29	0.00	0.00	0.15	0.14	0.00	0.00	0.05	0.00	0.00	0.00	0.00	0.00	0.00	0.00	0.00	0.00	0.00	0.00	0.00	0.00	0.02	0.00	0.00	0.00	0.08	0.23	0.22	0.00	0.09	0.50	0.02	0.00	0.09	0.00	0.00	0.24	0.00	0.00	0.06	0.00	0.00	0.06	0.50	0.21	0.00	0.21	0.00	0.50	1.00	
KB_Mu2_163	0.00	0.00	0.06	0.08	0.01	0.14	0.37	0.00	0.25	0.00	0.05	0.00	0.17	0.05	0.12	0.26	0.20	0.00	0.15	0.00	0.03	0.00	0.26	0.04	0.29	0.14	0.00	0.00	0.13	0.00	0.00	0.54	0.00	0.51	0.11	0.04	0.32	0.00	0.00	0.00	0.10	0.00	0.35	0.20	0.00	0.09	0.09	0.00	0.00	0.00	0.08	0.00	0.16	0.00	0.09	0.00	0.06	0.00	0.00	0.00	0.00	0.00	0.11	0.31	0.50	0.08	0.50	0.14	0.09	1.00	
KB_Na_165_KB_Na_186	0.00	0.28	0.30	0.00	0.00	0.18	0.00	0.00	0.11	0.00	0.03	0.00	0.20	0.30	0.00	0.17	0.00	0.00	0.00	0.00	0.12	0.00	0.50	0.00	0.23	0.09	0.00	0.00	0.00	0.00	0.24	0.00	0.00	0.06	0.00	0.00	0.06	0.00	0.00	0.00	0.00	0.17	0.00	0.00	0.00	0.00	0.13	0.00	0.00	0.16	0.00	0.08	0.00	0.00	0.00	0.00	0.00	0.00	0.00	0.00	0.00	0.00	0.00	0.00	0.05	0.00	0.24	0.06	0.11	0.00	1.00	
KB_Na_166	0.11	0.00	0.00	0.00	0.00	0.00	0.00	0.00	0.00	0.19	0.06	0.01	0.00	0.00	0.00	0.20	0.06	0.15	0.50	0.00	0.00	0.06	0.05	0.00	0.00	0.00	0.21	0.00	0.07	0.00	0.01	0.00	0.00	0.00	0.00	0.00	0.06	0.00	0.04	0.00	0.40	0.00	0.00	0.00	0.11	0.00	0.00	0.24	0.41	0.00	0.18	0.00	0.00	0.17	0.17	0.00	0.00	0.13	0.32	0.29	0.00	0.00	0.00	0.00	0.00	0.00	0.04	0.00	0.00	0.00	0.00	1.00	
KB_Na_167	0.00	0.00	0.01	0.00	0.00	0.00	0.16	0.00	0.19	0.00	0.04	0.00	0.00	0.14	0.00	0.00	0.00	0.00	0.00	0.00	0.01	0.02	0.00	0.00	0.50	0.00	0.00	0.00	0.00	0.11	0.14	0.19	0.41	0.00	0.00	0.19	0.00	0.10	0.13	0.47	0.00	0.00	0.09	0.04	0.00	0.00	0.00	0.11	0.00	0.18	0.00	0.00	0.00	0.00	0.00	0.00	0.15	0.11	0.00	0.02	0.00	0.00	0.00	0.00	0.00	0.00	0.00	0.05	0.00	0.00	0.00	0.00	1.00	
KB_Na_168_KB_Na_172	0.00	0.09	0.23	0.00	0.00	0.00	0.13	0.00	0.00	0.00	0.00	0.00	0.00	0.22	0.54	0.00	0.00	0.28	0.00	0.00	0.12	0.00	0.18	0.50	0.24	0.10	0.00	0.21	0.00	0.25	0.50	0.00	0.12	0.09	0.00	0.33	0.14	0.15	0.13	0.10	0.00	0.05	0.05	0.00	0.00	0.00	0.14	0.00	0.13	0.18	0.00	0.06	0.00	0.13	0.00	0.00	0.00	0.11	0.21	0.00	0.05	0.05	0.00	0.14	0.50	0.14	0.00	0.00	0.17	0.00	0.00	0.00	0.01	1.00	
KB_Na_169_KB_Na_170_KB_Na_180	0.14	0.00	0.00	0.00	0.00	0.00	0.00	0.00	0.00	0.23	0.00	0.15	0.00	0.09	0.00	0.00	0.00	0.00	0.38	0.00	0.00	0.02	0.00	0.00	0.06	0.00	0.33	0.00	0.30	0.00	0.00	0.00	0.00	0.00	0.00	0.10	0.00	0.08	0.00	0.00	0.22	0.00	0.19	0.00	0.06	0.00	0.01	0.50	0.22	0.00	0.21	0.00	0.04	0.23	0.07	0.16	0.00	0.19	0.61	0.50	0.00	0.00	0.00	0.00	0.00	0.00	0.12	0.00	0.00	0.00	0.00	0.50	0.00	0.00	1.00	
KB_Na_171_KB_Na_173_KB_Na_174_KB_Na_175_KB_Na_176	0.00	0.13	0.00	0.08	0.00	0.00	0.00	0.00	0.00	0.23	0.00	0.00	0.00	0.00	0.00	0.29	0.00	0.00	0.00	0.00	0.00	0.00	0.02	0.00	0.00	0.00	0.12	0.00	0.12	0.21	0.23	0.08	0.00	0.09	0.27	0.50	0.13	0.17	0.30	0.00	0.25	0.00	0.00	0.00	0.01	0.00	0.00	0.33	0.36	0.03	0.18	0.00	0.00	0.00	0.09	0.05	0.00	0.44	0.00	0.06	0.00	0.00	0.00	0.00	0.00	0.00	0.14	0.00	0.00	0.00	0.09	0.50	0.21	0.11	0.20	1.00	
KB_Na_177_KB_Na_190	0.24	0.06	0.16	0.00	0.25	0.32	0.00	0.07	0.06	0.01	0.19	0.00	0.25	0.00	0.00	0.46	0.00	0.00	0.08	0.00	0.21	0.18	0.00	0.00	0.19	0.00	0.12	0.00	0.00	0.00	0.13	0.00	0.49	0.00	0.12	0.50	0.00	0.00	0.00	0.50	0.00	0.00	0.00	0.17	0.00	0.00	0.00	0.00	0.00	0.36	0.07	0.02	0.00	0.00	0.00	0.00	0.00	0.00	0.00	0.05	0.00	0.00	0.00	0.00	0.13	0.00	0.00	0.00	0.00	0.00	0.00	0.03	0.51	0.00	0.00	0.20	1.00	
KB_Na_178_KB_Na_179	0.30	0.00	0.35	0.03	0.18	0.23	0.00	0.18	0.00	0.20	0.00	0.00	0.28	0.00	0.26	0.50	0.00	0.00	0.00	0.00	0.50	0.08	0.00	0.10	0.06	0.10	0.19	0.00	0.00	0.00	0.05	0.00	0.02	0.00	0.03	0.05	0.00	0.00	0.00	0.19	0.00	0.06	0.00	0.19	0.00	0.00	0.00	0.00	0.00	0.29	0.00	0.00	0.06	0.08	0.00	0.00	0.00	0.00	0.00	0.25	0.09	0.00	0.00	0.00	0.23	0.00	0.00	0.00	0.00	0.00	0.24	0.00	0.01	0.20	0.00	0.10	0.50	1.00	
KB_Na_181	0.16	0.00	0.17	0.00	0.05	0.10	0.00	0.28	0.17	0.14	0.00	0.15	0.34	0.00	0.00	0.49	0.00	0.00	0.07	0.06	0.33	0.00	0.00	0.10	0.41	0.16	0.03	0.00	0.00	0.00	0.00	0.04	0.00	0.04	0.05	0.00	0.00	0.10	0.00	0.05	0.00	0.00	0.00	0.00	0.00	0.00	0.00	0.00	0.00	0.00	0.00	0.00	0.00	0.15	0.07	0.08	0.00	0.00	0.08	0.12	0.00	0.00	0.00	0.03	0.11	0.00	0.10	0.05	0.21	0.02	0.52	0.24	0.00	0.00	0.50	0.07	0.07	0.31	1.00	
KB_Na_182_KB_Na_183_KB_Na_184	0.13	0.16	0.00	0.00	0.00	0.00	0.00	0.00	0.00	0.50	0.00	0.01	0.00	0.00	0.00	0.00	0.03	0.00	0.49	0.00	0.00	0.09	0.23	0.07	0.00	0.00	0.14	0.00	0.31	0.01	0.00	0.00	0.00	0.13	0.00	0.00	0.50	0.06	0.00	0.00	0.27	0.25	0.00	0.13	0.14	0.00	0.11	0.26	0.12	0.00	0.06	0.00	0.48	0.23	0.00	0.00	0.00	0.09	0.28	0.34	0.00	0.00	0.00	0.26	0.20	0.13	0.34	0.00	0.00	0.06	0.11	0.56	0.00	0.08	0.65	0.17	0.00	0.00	0.09	1.00	
KB_Na_185	0.00	0.00	0.00	0.00	0.00	0.00	0.00	0.05	0.00	0.18	0.00	0.05	0.00	0.00	0.06	0.06	0.00	0.18	0.00	0.00	0.00	0.00	0.00	0.00	0.00	0.00	0.16	0.11	0.20	0.04	0.11	0.08	0.00	0.00	0.15	0.18	0.12	0.19	0.31	0.00	0.34	0.00	0.00	0.00	0.15	0.00	0.00	0.32	0.40	0.05	0.28	0.00	0.09	0.34	0.20	0.00	0.00	0.28	0.40	0.17	0.00	0.00	0.01	0.03	0.50	0.03	0.00	0.00	0.01	0.00	0.00	0.56	0.12	0.27	0.50	0.53	0.00	0.00	0.11	0.24	1.00	
KB_Na_187_KB_Na_188	0.07	0.10	0.02	0.00	0.00	0.00	0.00	0.00	0.06	0.10	0.00	0.11	0.00	0.22	0.12	0.03	0.00	0.11	0.11	0.00	0.00	0.00	0.00	0.07	0.30	0.00	0.00	0.33	0.39	0.00	0.05	0.00	0.00	0.06	0.09	0.14	0.12	0.00	0.19	0.00	0.11	0.03	0.10	0.18	0.22	0.04	0.17	0.20	0.17	0.00	0.12	0.00	0.21	0.00	0.00	0.00	0.07	0.03	0.54	0.29	0.00	0.00	0.10	0.14	0.29	0.12	0.06	0.00	0.11	0.13	0.00	0.00	0.20	0.30	0.59	0.00	0.00	0.00	0.03	0.42	0.52	1.00	
KB_Na_189	0.19	0.00	0.34	0.00	0.50	0.25	0.00	0.43	0.00	0.00	0.00	0.00	0.36	0.00	0.22	0.50	0.00	0.01	0.00	0.00	0.26	0.26	0.00	0.00	0.17	0.05	0.32	0.06	0.00	0.00	0.00	0.00	0.37	0.00	0.24	0.50	0.00	0.18	0.00	0.50	0.00	0.00	0.00	0.11	0.00	0.00	0.00	0.00	0.00	0.52	0.00	0.05	0.00	0.15	0.00	0.00	0.00	0.00	0.10	0.26	0.00	0.00	0.00	0.00	0.09	0.00	0.00	0.07	0.00	0.00	0.00	0.02	0.18	0.01	0.02	0.07	0.62	0.54	0.17	0.00	0.12	0.00	1.00	
KB_Na_191_KB_Na_193	0.05	0.00	0.00	0.00	0.00	0.00	0.00	0.00	0.00	0.21	0.15	0.30	0.00	0.00	0.00	0.00	0.00	0.00	0.23	0.00	0.00	0.00	0.00	0.00	0.00	0.00	0.36	0.00	0.34	0.00	0.00	0.00	0.05	0.00	0.00	0.02	0.04	0.00	0.00	0.00	0.27	0.13	0.13	0.21	0.09	0.15	0.02	0.50	0.12	0.00	0.27	0.00	0.25	0.07	0.00	0.00	0.00	0.14	0.35	0.51	0.00	0.02	0.00	0.00	0.00	0.00	0.10	0.00	0.00	0.00	0.00	0.37	0.00	0.00	0.79	0.08	0.00	0.00	0.29	0.48	0.18	0.32	0.05	1.00	
KB_Na_192	0.00	0.13	0.00	0.50	0.00	0.00	0.32	0.00	0.00	0.07	0.00	0.22	0.00	0.02	0.00	0.00	0.00	0.00	0.32	0.01	0.00	0.00	0.05	0.00	0.05	0.00	0.27	0.09	0.20	0.00	0.00	0.31	0.00	0.06	0.00	0.20	0.32	0.00	0.25	0.00	0.50	0.09	0.50	0.22	0.12	0.05	0.00	0.50	0.61	0.00	0.83	0.00	0.33	0.00	0.00	0.00	0.03	0.21	0.10	0.11	0.00	0.07	0.29	0.00	0.00	0.00	0.00	0.03	0.05	0.19	0.00	0.26	0.08	0.15	0.50	0.28	0.00	0.00	0.00	0.39	0.37	0.39	0.00	0.52	1.00	
KB_NF_194_KB_NF_200_KB_Ma_97	0.00	0.04	0.00	0.50	0.00	0.09	0.05	0.00	0.00	0.15	0.01	0.23	0.00	0.00	0.00	0.02	0.00	0.00	0.00	0.26	0.00	0.00	0.14	0.22	0.00	0.00	0.11	0.14	0.25	0.19	0.32	0.26	0.00	0.31	0.11	0.00	0.68	0.11	0.24	0.00	0.21	0.01	0.00	0.00	0.21	0.00	0.13	0.00	0.23	0.00	0.03	0.00	0.17	0.17	0.00	0.00	0.00	0.19	0.00	0.00	0.16	0.00	0.00	0.18	0.39	0.11	0.08	0.00	0.00	0.23	0.11	0.10	0.00	0.15	0.00	0.14	0.00	0.03	0.00	0.34	0.11	0.16	0.00	0.00	0.03	1.00	
KB_NF_195_KB_Ma_100	0.00	0.12	0.12	0.37	0.00	0.23	0.00	0.00	0.00	0.00	0.00	0.00	0.00	0.00	0.02	0.02	0.50	0.04	0.00	0.20	0.00	0.00	0.16	0.00	0.00	0.00	0.00	0.00	0.10	0.50	0.31	0.02	0.24	0.27	0.00	0.06	0.25	0.18	0.33	0.00	0.28	0.04	0.00	0.00	0.00	0.00	0.00	0.00	0.00	0.16	0.00	0.27	0.04	0.16	0.00	0.00	0.26	0.21	0.00	0.00	0.00	0.50	0.00	0.00	0.00	0.02	0.18	0.00	0.00	0.00	0.06	0.19	0.02	0.26	0.00	0.37	0.00	0.00	0.00	0.00	0.06	0.00	0.00	0.00	0.00	0.34	1.00	
KB_NF_196_KB_NF_197_KB_Ma_101_KB_Ma_105	0.34	0.00	0.00	0.00	0.00	0.00	0.21	0.00	0.02	0.00	0.49	0.00	0.00	0.00	0.00	0.00	0.00	0.00	0.35	0.00	0.00	0.00	0.12	0.50	0.00	0.01	0.05	0.50	0.04	0.00	0.13	0.00	0.00	0.00	0.05	0.00	0.00	0.06	0.00	0.29	0.22	0.22	0.15	0.04	0.00	0.76	0.00	0.33	0.08	0.08	0.12	0.27	0.10	0.03	0.10	0.21	0.03	0.10	0.00	0.00	0.00	0.20	0.08	0.00	0.00	0.00	0.06	0.12	0.13	0.10	0.00	0.00	0.00	0.00	0.01	0.00	0.00	0.00	0.00	0.00	0.00	0.00	0.00	0.21	0.19	0.15	0.00	1.00	
KB_NF_198_KB_Ma_98_KB_Ma_99	0.06	0.06	0.24	0.00	0.04	0.14	0.00	0.07	0.31	0.04	0.30	0.01	0.33	0.33	0.24	0.50	0.00	0.00	0.01	0.00	0.29	0.00	0.00	0.04	0.34	0.32	0.00	0.01	0.01	0.10	0.02	0.02	0.24	0.00	0.00	0.04	0.00	0.03	0.12	0.15	0.00	0.00	0.06	0.00	0.33	0.04	0.23	0.00	0.01	0.26	0.00	0.04	0.00	0.00	0.00	0.00	0.10	0.07	0.00	0.07	0.00	0.00	0.00	0.01	0.21	0.00	0.00	0.09	0.00	0.00	0.00	0.00	0.20	0.00	0.00	0.19	0.50	0.50	0.00	0.00	0.00	0.00	0.50	0.00	0.00	0.00	0.01	0.00	1.00	
KB_NF_199_KB_Ma_104	0.04	0.21	0.00	0.07	0.00	0.00	0.11	0.00	0.19	0.00	0.00	0.00	0.00	0.47	0.00	0.14	0.00	0.00	0.06	0.00	0.00	0.00	0.00	0.00	0.00	0.00	0.00	0.21	0.22	0.08	0.08	0.50	0.01	0.50	0.35	0.00	0.11	0.50	0.22	0.00	0.00	0.00	0.00	0.00	0.03	0.00	0.00	0.00	0.23	0.21	0.29	0.00	0.12	0.00	0.00	0.00	0.00	0.00	0.00	0.00	0.00	0.17	0.19	0.00	0.00	0.26	0.16	0.17	0.45	0.10	0.00	0.00	0.16	0.00	0.00	0.00	0.00	0.00	0.00	0.00	0.09	0.12	0.00	0.00	0.19	0.04	0.00	0.00	0.00	1.00	
KB_NF_201_KB_Ma_102	0.00	0.21	0.13	0.02	0.01	0.14	0.00	0.00	0.00	0.09	0.00	0.06	0.17	0.00	0.00	0.07	0.08	0.06	0.00	0.00	0.07	0.00	0.41	0.17	0.07	0.00	0.00	0.00	0.07	0.03	0.00	0.00	0.12	0.00	0.00	0.07	0.24	0.12	0.00	0.07	0.16	0.50	0.00	0.24	0.12	0.01	0.12	0.00	0.00	0.00	0.04	0.11	0.23	0.24	0.00	0.00	0.00	0.00	0.05	0.10	0.03	0.05	0.00	0.15	0.13	0.10	0.22	0.00	0.00	0.00	0.24	0.12	0.00	0.00	0.00	0.13	0.06	0.07	0.00	0.23	0.05	0.00	0.05	0.00	0.00	0.07	0.50	0.00	0.11	0.00	1.00	
KB_NF_202_KB_Ma_103	0.15	0.00	0.09	0.32	0.11	0.00	0.00	0.24	0.05	0.10	0.00	0.13	0.21	0.00	0.00	0.00	0.00	0.00	0.00	0.15	0.00	0.00	0.00	0.00	0.00	0.00	0.00	0.00	0.01	0.15	0.11	0.00	0.58	0.15	0.00	0.00	0.15	0.00	0.00	0.25	0.08	0.11	0.07	0.26	0.06	0.13	0.07	0.00	0.00	0.32	0.00	0.00	0.20	0.00	0.00	0.00	0.00	0.02	0.14	0.00	0.00	0.13	0.02	0.00	0.00	0.09	0.43	0.07	0.00	0.00	0.00	0.00	0.00	0.09	0.01	0.00	0.07	0.04	0.16	0.05	0.01	0.00	0.06	0.12	0.00	0.00	0.31	0.00	0.11	0.05	0.13	1.00	
KB_Unk_205	0.31	0.01	0.11	0.20	0.00	0.00	0.00	0.00	0.04	0.11	0.00	0.16	0.23	0.00	0.00	0.50	0.00	0.00	0.00	0.22	0.00	0.00	0.00	0.01	0.05	0.00	0.00	0.08	0.00	0.17	0.20	0.00	0.30	0.15	0.00	0.12	0.13	0.09	0.00	0.22	0.15	0.08	0.31	0.00	0.00	0.09	0.00	0.05	0.00	0.27	0.13	0.00	0.16	0.15	0.02	0.00	0.00	0.00	0.00	0.00	0.00	0.50	0.00	0.00	0.00	0.07	0.09	0.00	0.07	0.00	0.00	0.00	0.00	0.29	0.00	0.00	0.00	0.10	0.40	0.00	0.11	0.00	0.10	0.05	0.08	0.19	0.52	0.49	0.00	0.01	0.07	0.64	1.00	
Finger_guy_3A	0.00	0.00	0.10	0.00	0.00	0.28	0.00	0.04	0.00	0.00	0.00	0.00	0.15	0.06	0.21	0.11	0.50	0.12	0.03	0.00	0.04	0.00	0.21	0.04	0.13	0.00	0.19	0.00	0.23	0.00	0.00	0.00	0.09	0.00	0.00	0.16	0.00	0.00	0.01	0.00	0.22	0.19	0.00	0.00	0.02	0.07	0.00	0.13	0.04	0.00	0.02	0.00	0.00	0.06	0.00	0.00	0.27	0.00	0.12	0.16	0.00	0.09	0.00	0.00	0.00	0.00	0.00	0.00	0.00	0.00	0.00	0.10	0.09	0.00	0.00	0.11	0.01	0.05	0.00	0.00	0.11	0.03	0.15	0.09	0.10	0.00	0.49	0.03	0.23	0.00	0.27	0.00	0.00	1.00	
KB_Bo_209_KB_Unk_206	0.19	0.17	0.00	0.64	0.15	0.00	0.00	0.16	0.54	0.00	0.28	0.00	0.17	0.20	0.00	0.00	0.50	0.00	0.12	0.65	0.00	0.09	0.00	0.31	0.00	0.03	0.00	0.15	0.00	0.06	0.00	0.12	0.00	0.00	0.23	0.50	0.00	0.00	0.47	0.00	0.00	0.00	0.30	0.02	0.00	0.15	0.00	0.03	0.00	0.20	0.00	0.50	0.00	0.00	0.27	0.46	0.60	0.02	0.00	0.00	0.31	0.52	0.00	0.01	0.00	0.07	0.25	0.00	0.05	0.00	0.05	0.00	0.00	0.00	0.00	0.00	0.00	0.00	0.00	0.00	0.00	0.00	0.00	0.00	0.00	0.00	0.41	0.23	0.00	0.18	0.00	0.15	0.06	0.00	1.00	
KB_Bo_21	0.50	0.11	0.00	0.14	0.20	0.05	0.22	0.01	0.18	0.00	0.50	0.05	0.00	0.09	0.00	0.10	0.00	0.00	0.24	0.33	0.00	0.15	0.00	0.05	0.16	0.00	0.00	0.04	0.00	0.00	0.00	0.15	0.48	0.22	0.00	0.00	0.12	0.00	0.00	0.50	0.05	0.09	0.11	0.06	0.00	0.00	0.18	0.00	0.00	0.21	0.15	0.13	0.05	0.00	0.00	0.16	0.02	0.00	0.00	0.00	0.00	0.26	0.00	0.00	0.00	0.00	0.18	0.50	0.18	0.15	0.22	0.00	0.19	0.02	0.00	0.00	0.06	0.00	0.09	0.00	0.00	0.00	0.12	0.00	0.01	0.00	0.00	0.22	0.13	0.00	0.00	0.23	0.30	0.00	0.22	1.00	